% # columns="iteration, evaluation, sigma, max axis length,  min axis length, all principle axes lengths  (sorted square roots of eigenvalues of C)", seed=465285, Mon Apr 20 10:59:20 2020
1 10 0.45360158084147123 1.0000437509570452 1.0 1.0 1.0000062500195313 1.0000125000781253 1.0000187501757822 1.0000250003125026 1.0000312504882864 1.0000375007031337 1.0000437509570452
2 20 0.46493332381192265 1.0664333864356188 0.8813915087884511 0.8813915087884511 0.9434401462676798 0.9894926929138373 0.9896421237373966 1.0018029540997735 1.004975808861127 1.0250767132866585 1.0664333864356188
3 30 0.49820685624804595 1.163775807651744 0.852447100064555 0.852447100064555 0.9201004185381674 0.9431148404624397 0.977744623009434 0.9936732215383107 0.995432450424797 1.014116498212061 1.163775807651744
4 40 0.46724116800268817 1.195390283636749 0.8502560507269616 0.8502560507269616 0.8757328418163917 0.9449219074126737 0.9711286714142201 0.9843874652248796 1.0217200330533867 1.0411099151402243 1.195390283636749
5 50 0.44059113806624056 1.198149696292611 0.855149318492003 0.855149318492003 0.8656597821581624 0.9125259063399678 0.9261518482433948 0.9397844984278452 1.0100248076004297 1.0788129096803933 1.198149696292611
6 60 0.412355622730927 1.202308257076377 0.8194476815199032 0.8194476815199032 0.8494687979511889 0.8844620122242424 0.9300800577324149 0.9479894847021283 1.006996307112043 1.0795756723578072 1.202308257076377
7 70 0.38746740931800383 1.2269058232170438 0.7972240838192362 0.7972240838192362 0.8224705150308006 0.8802569179848545 0.9185746881100801 0.9433198833469599 1.0021638837182982 1.1157852554435455 1.2269058232170438
8 80 0.3654295939957235 1.2217266410400656 0.751613458187472 0.751613458187472 0.823509797473448 0.883778491167614 0.888419781472133 0.970367355378941 0.9833792677544635 1.1381678644509317 1.2217266410400656
9 90 0.3478137632167861 1.2090736408011467 0.7319644453557425 0.7319644453557425 0.7905984315729715 0.863853606062268 0.8774377735379841 0.9801243985651156 1.0002828577875487 1.1093534218830852 1.2090736408011467
10 100 0.36624621712764804 1.2557007760886012 0.72807293859864 0.72807293859864 0.7621087224040668 0.8453812464988669 0.8559064250066178 0.9576691911953967 1.0005557941300764 1.0913147386464979 1.2557007760886012
11 110 0.3309084920540218 1.2664204296783148 0.690432770836208 0.690432770836208 0.7539738701105058 0.8357090651031245 0.849845514550716 0.9297475174913831 1.0562843659957597 1.099227803479609 1.2664204296783148
12 120 0.31128182946053207 1.2327628800993822 0.6643378640736788 0.6643378640736788 0.7410079323818152 0.805859678505747 0.8277144044433784 0.9334454835712835 1.0915122366661036 1.11572976982264 1.2327628800993822
13 130 0.30396593382359954 1.257383500832884 0.634241078947192 0.634241078947192 0.7192847992321565 0.8004531807830975 0.8117847523515089 0.947136121115091 1.0435395752508931 1.186325003056775 1.257383500832884
14 140 0.2855063272083667 1.2742764768598167 0.6252470956197543 0.6252470956197543 0.69388092337335 0.7868615593971163 0.814408607125951 0.9394929968305659 1.0228953130314198 1.1857732381532193 1.2742764768598167
15 150 0.2524118999914464 1.2867473314939921 0.6157054085862618 0.6157054085862618 0.6974614211114707 0.7689552875818592 0.7886560153126224 0.9227112915715466 0.969190720660293 1.1839879734476912 1.2867473314939921
16 160 0.24064702592740425 1.29345309092028 0.6215440534360701 0.6215440534360701 0.6640533942408821 0.7420667196707735 0.7756787258343433 0.9280206396148304 0.9676284061837535 1.1705577446853361 1.29345309092028
17 170 0.23546084090618263 1.2897338109174368 0.6001751430063357 0.6001751430063357 0.628330331793532 0.7180241904850841 0.7776628683628721 0.9161380101790407 1.007841066839496 1.1586714973167749 1.2897338109174368
18 180 0.23056681649157565 1.2951197988124301 0.5893260733600585 0.5893260733600585 0.6052500600186949 0.7041791683942757 0.7748840988930698 0.9438143087016678 1.0068783060690056 1.156495089890089 1.2951197988124301
19 190 0.23521002637938931 1.2981823841321258 0.5745080557325516 0.5745080557325516 0.5881448834741859 0.7204582094059327 0.7541092920955069 0.9166166351141428 1.0504186774322462 1.1541205467800555 1.2981823841321258
20 200 0.24563209476302947 1.3293849835461773 0.554879228709272 0.554879228709272 0.5756507023240125 0.7257405746916962 0.7738235522868041 0.9199671725954549 1.0487975324804295 1.1331800493735094 1.3293849835461773
21 210 0.259023335609828 1.4286341628938528 0.4938279628251905 0.4938279628251905 0.5676294818999504 0.7213395913961335 0.7833582176288258 0.9215590952200998 1.0967953279690847 1.1236917414595122 1.4286341628938528
22 220 0.23914317511787442 1.5163103290730935 0.46962129171124883 0.46962129171124883 0.5687286779454415 0.7255985716316616 0.7526663631153621 0.9320016627933667 1.078824870196707 1.1207889634429617 1.5163103290730935
23 230 0.23198615153500982 1.578056506416308 0.447222200720346 0.447222200720346 0.5592104757643128 0.7118098694523582 0.7420689716875113 0.9466816725651849 1.0531054839840501 1.1220362250449143 1.578056506416308
24 240 0.21314425720642674 1.5519785196911167 0.44511430350056985 0.44511430350056985 0.5519781037051963 0.6619586713466362 0.7472546032516553 0.9642630174551576 1.0211668958431683 1.1444023953283076 1.5519785196911167
25 250 0.19669856663958088 1.5558428557136266 0.44580519942346525 0.44580519942346525 0.525258204646843 0.6563083498480013 0.7279580807840809 0.9667867968963505 1.006619395115279 1.1401218506161013 1.5558428557136266
26 260 0.17922254566094167 1.5780905516446861 0.431957270800716 0.431957270800716 0.5069591963371134 0.6802027196507544 0.7023539502377696 0.9462820581097591 0.9691336345139632 1.139271984705507 1.5780905516446861
27 270 0.1595571326661712 1.5787385340742899 0.3943396345854173 0.3943396345854173 0.49803332512620646 0.6765726917157818 0.6869457439721375 0.9404886805433834 0.9659809716068242 1.14632295897534 1.5787385340742899
28 280 0.14277193854132167 1.5372501765845656 0.38883454935751394 0.38883454935751394 0.4994550260408965 0.640017691511929 0.671670368267305 0.9373176064712407 0.9638090381826043 1.1283548427308232 1.5372501765845656
29 290 0.13503538683013866 1.5212374316870358 0.38254316422867746 0.38254316422867746 0.4740907329136825 0.6247467746216376 0.6436579753978897 0.9545503316882059 0.9629743440871326 1.1514225029671974 1.5212374316870358
30 300 0.12989790328715742 1.5525249980260392 0.3721233039212649 0.3721233039212649 0.4675178702282517 0.5869953179059882 0.6371402878334195 0.9244054177237866 0.9941178471080444 1.1897545184348555 1.5525249980260392
31 310 0.12776202718543106 1.5901283074908974 0.3610077838852675 0.3610077838852675 0.4618707261108486 0.5903814522389856 0.6159364782064524 0.9121725159530752 1.0004647171604741 1.1416374851444273 1.5901283074908974
32 320 0.11582541961582193 1.5861922099657024 0.3488937644267238 0.3488937644267238 0.4520313649038294 0.5579848290733596 0.6196451226405596 0.9252275981759092 1.0037327487496566 1.1578221500566197 1.5861922099657024
33 330 0.10663268791832184 1.6013330659169807 0.336292106311136 0.336292106311136 0.44612357164098926 0.5439254727807818 0.6181213731757877 0.9215007983253605 0.9885796599839767 1.0839692539377839 1.6013330659169807
34 340 0.11221015257576267 1.5880778778678293 0.3288469506299273 0.3288469506299273 0.445968225163916 0.5278865554673476 0.6216807987008243 0.9173007105899457 0.9801157609276353 1.03183168805062 1.5880778778678293
35 350 0.10204712344740761 1.6547326839601968 0.3236549711115684 0.3236549711115684 0.4355022453540427 0.49455423203717874 0.6307369057513919 0.8918747833717041 1.0003714452204586 1.0789650631991512 1.6547326839601968
36 360 0.09171914144484904 1.6570179978258754 0.32563391497351973 0.32563391497351973 0.42185389241927035 0.45086192530998287 0.6256905147395019 0.8877464741335558 0.9875752527222397 1.0899452881505955 1.6570179978258754
37 370 0.08597516052917846 1.6663529468633105 0.3153783470521418 0.3153783470521418 0.38597319415055653 0.4318014234176657 0.6246621527930859 0.8983689764676625 1.0055274487742218 1.0821580848801136 1.6663529468633105
38 380 0.07503021285907671 1.6109733463878055 0.3123538033047751 0.3123538033047751 0.3773549794492888 0.4129567335521407 0.6166330490318989 0.9172403910179027 0.9824453404481851 1.096314691742397 1.6109733463878055
39 390 0.0717488309982374 1.6097289167373692 0.30966093553214036 0.30966093553214036 0.3617787864551995 0.39500944864256843 0.5970480046675911 0.9173654354910071 0.9618082672267743 1.0574746633135945 1.6097289167373692
40 400 0.07282814585981434 1.6052712788816768 0.31060807196841544 0.31060807196841544 0.3464433293313102 0.37296904319428126 0.6019477096711592 0.8869171504344223 0.9598396991816263 1.0837687042109154 1.6052712788816768
41 410 0.08035519794359564 1.599314202985403 0.29076892953945577 0.29076892953945577 0.34080447359417143 0.3627374864297738 0.6122193820165519 0.8832515900155782 0.9655738061375673 1.1044940030049097 1.599314202985403
42 420 0.07927289376704898 1.5858105824740671 0.2684804226359035 0.2684804226359035 0.33217241494364214 0.36771757658741017 0.601221930240483 0.8646911924587305 0.9585647923044085 1.2311465451028183 1.5858105824740671
43 430 0.08098127689379148 1.5955301118231255 0.25808881799791283 0.25808881799791283 0.33678543388357557 0.36330936938584196 0.5895080028588271 0.8655350552701617 0.9548301792889555 1.2278315471832508 1.5955301118231255
44 440 0.08166174868331409 1.614225995980468 0.25525263160811096 0.25525263160811096 0.3160660189491487 0.36317102149036007 0.5805980457682783 0.892505301679127 0.9531943289546551 1.2379879693215419 1.614225995980468
45 450 0.08327032766018788 1.6552188378100339 0.24717135101879673 0.24717135101879673 0.3062294268502626 0.3392035784290059 0.5718605860090084 0.889420334292016 0.9791098290601408 1.244567959059396 1.6552188378100339
46 460 0.10236041498060368 1.6945901659613127 0.23828533306077043 0.23828533306077043 0.30519933171290964 0.3402598348937711 0.5617839451132978 0.8744680659886176 0.9538318229346566 1.2653213645263919 1.6945901659613127
47 470 0.11172196873133314 1.8537744540955972 0.23871644899509661 0.23871644899509661 0.289044707219873 0.34357945888049884 0.51357209871083 0.8940896273726331 0.9462238191389664 1.2619120246726951 1.8537744540955972
48 480 0.1158643136677156 1.8396625379665725 0.23479078306261886 0.23479078306261886 0.26020576201752343 0.341279215660462 0.5060676180847232 0.8886125846223231 0.9520209363809877 1.260703666264448 1.8396625379665725
49 490 0.11142720578789181 1.825797210436561 0.22678911434622626 0.22678911434622626 0.26112818575589464 0.3240769178057929 0.5251100234940346 0.8796530682671871 0.9598609721691284 1.2231885092996797 1.825797210436561
50 500 0.10770052472940787 1.9035757541536542 0.2164710060349117 0.2164710060349117 0.25847087634825816 0.3130028367194006 0.5003517476164248 0.8596424725640396 0.9815301833736794 1.2337473982490055 1.9035757541536542
51 510 0.10615133169297741 1.9187231149741093 0.2070583561120653 0.2070583561120653 0.24789155147215433 0.30741930965935993 0.5090572518569758 0.8552821149107507 0.9772391347106096 1.227426673451996 1.9187231149741093
52 520 0.10647559304529143 1.9092250999510914 0.19812766849512148 0.19812766849512148 0.2476627467632441 0.3060961315736438 0.5062168440330146 0.8176730749342096 0.9856539221469643 1.1976423781879595 1.9092250999510914
53 530 0.109641742670362 1.9928601972133633 0.19401398339175963 0.19401398339175963 0.24158205602648114 0.2991984350452979 0.4912383957464525 0.8105673605676059 0.9754838367575658 1.181195183356235 1.9928601972133633
54 540 0.110857289313014 2.0567359836114782 0.1711869773408684 0.1711869773408684 0.24108108539593792 0.30051677523054515 0.4988700476098739 0.8141192653212584 0.989432849939513 1.1888238599692724 2.0567359836114782
55 550 0.0998111882737691 2.0670953838560493 0.1579721414130335 0.1579721414130335 0.2348416482065825 0.29842645391092504 0.497708011445963 0.8234330175481943 0.9687091643575769 1.2430108763444956 2.0670953838560493
56 560 0.08794682579699024 2.0125422232121606 0.15644755286687753 0.15644755286687753 0.2267745647390076 0.2867766766180958 0.4847063523459677 0.823231506534743 0.9564009303109604 1.2342798608714844 2.0125422232121606
57 570 0.0809855534626547 1.9624313686481285 0.1549005846662836 0.1549005846662836 0.20813209282838607 0.2861603241175604 0.48631669901218866 0.8016354618078189 0.9563074671769173 1.238544726673944 1.9624313686481285
58 580 0.08410586050063658 1.9632498259881457 0.15431152051431318 0.15431152051431318 0.20359097564873926 0.2854136445903624 0.4503386273023583 0.7939856802150108 0.948054559113492 1.2199459576675078 1.9632498259881457
59 590 0.07862919755616296 2.045376385399634 0.15100282190861827 0.15100282190861827 0.20247032175271415 0.2740850748470786 0.4770487930222709 0.7453001180232605 0.9553369463671146 1.2244724829338838 2.045376385399634
60 600 0.07403362868841017 2.044756018383868 0.1481671872197186 0.1481671872197186 0.19861237537241686 0.2607194039535127 0.465112516186911 0.7434329389463014 0.9550239165542679 1.2312787721780891 2.044756018383868
61 610 0.07177512860500812 1.946861075596161 0.1432790676072465 0.1432790676072465 0.19598251548444426 0.267099557779148 0.46987201441371296 0.7152497786449795 0.9546271842773401 1.271111561283098 1.946861075596161
62 620 0.07009831268024538 1.8502068778018874 0.1436041292017148 0.1436041292017148 0.1940724395985937 0.26110898924139336 0.4756951734986891 0.6965299271609365 0.9650102102150546 1.2743891074316915 1.8502068778018874
63 630 0.07498409261293729 1.929084896706548 0.13978446334542277 0.13978446334542277 0.1809617462744992 0.25794243245556314 0.47225728066230765 0.692317236873729 0.95593239444894 1.2818911887300628 1.929084896706548
64 640 0.08948052043556763 2.0158447002058644 0.13522994394185503 0.13522994394185503 0.1756103015386213 0.2686302573378655 0.45804514360050114 0.6760346982927751 0.9552272638467827 1.2718484048881131 2.0158447002058644
65 650 0.10510408509591758 2.1174164234937507 0.1325455385901115 0.1325455385901115 0.1731669056176348 0.270023499363464 0.4824740271717937 0.6576411113723264 0.9221653928034209 1.2735383057053589 2.1174164234937507
66 660 0.12154420667959422 2.055300925125801 0.12865125223934534 0.12865125223934534 0.1726563824388824 0.2589370652927499 0.486794877107276 0.6600311016006448 0.9127683617453146 1.3050219401690075 2.055300925125801
67 670 0.1368747404435698 2.1549505467308476 0.1268849401590885 0.1268849401590885 0.1668383464860748 0.2430403884170031 0.4985344295505668 0.6845804279647565 0.8935997103528434 1.2818303617006326 2.1549505467308476
68 680 0.14576377516751016 2.2609648542055036 0.1249618499431152 0.1249618499431152 0.16483892434656722 0.2445139649660106 0.49694586183384193 0.6754431773397285 0.9116561581157594 1.3069627526236598 2.2609648542055036
69 690 0.17155477555207851 2.401823054619031 0.1202092001520205 0.1202092001520205 0.15810972149125904 0.24372270367519042 0.48406373925202173 0.6749836698849581 0.8998469753998736 1.298075926191482 2.401823054619031
70 700 0.20260979462181353 2.6778814967392965 0.11799697670942576 0.11799697670942576 0.15188780395364737 0.2438467069157255 0.4815037619579787 0.6787058152839597 0.8857172046731424 1.3010844922113172 2.6778814967392965
71 710 0.2380663957188774 2.8463318332844425 0.1131008993529238 0.1131008993529238 0.14675706196405977 0.24324577616753715 0.49050729070569454 0.6776800350928732 0.8770315910531351 1.282139913989404 2.8463318332844425
72 720 0.29377537966721157 3.065760072391637 0.1068650153820856 0.1068650153820856 0.141498912585152 0.24563006171732202 0.48132373084121194 0.6648945239203174 0.8631138192879297 1.2648116211993494 3.065760072391637
73 730 0.3133544201455726 3.2196407855149687 0.10510206229019747 0.10510206229019747 0.14062605849258022 0.24082322759415528 0.4737209989897885 0.6366190736544058 0.8752539268997022 1.2692183182263068 3.2196407855149687
74 740 0.3412444142727494 3.2195415559146063 0.10537271707000241 0.10537271707000241 0.13926774317500581 0.23165120368178685 0.4464604877133667 0.6289477077487678 0.8675509585700969 1.2567373205309025 3.2195415559146063
75 750 0.3107511582083723 3.2159789218562462 0.10277900568533982 0.10277900568533982 0.1403651803289345 0.22337621856030984 0.44509825166190253 0.6415141288173205 0.8940571329718442 1.248174018045882 3.2159789218562462
76 760 0.28937587698061434 3.124028487776764 0.09905669885166289 0.09905669885166289 0.13971236997813222 0.22413753716379936 0.43850546553357317 0.6446874707656625 0.87279008959032 1.2114316406715657 3.124028487776764
77 770 0.2702075436506454 3.09824470951896 0.1008080265991339 0.1008080265991339 0.13752604054651474 0.22263359411258715 0.4285366003705545 0.6451534166147896 0.8582322732366667 1.2225331554662018 3.09824470951896
78 780 0.2934516696384557 3.071577782931642 0.09869669869961042 0.09869669869961042 0.13562952934348316 0.22211643224415464 0.42011589170308755 0.6338377044851512 0.8584764432677083 1.1802015250335747 3.071577782931642
79 790 0.3080533307224239 3.4823744373281755 0.09824863809726961 0.09824863809726961 0.13605036871892137 0.21593439237743886 0.4172152287060409 0.6057599935763821 0.827651399706364 1.1671878996744032 3.4823744373281755
80 800 0.3192714268803617 3.5771260115932897 0.09922946679038537 0.09922946679038537 0.13193261982878846 0.22790616832608068 0.39193518899019475 0.5998236987723331 0.807481442903394 1.1640550245975148 3.5771260115932897
81 810 0.319571051677075 3.7316653440769656 0.0978071186451888 0.0978071186451888 0.12955894307579516 0.22277688311924848 0.37019170027544407 0.5971402267167324 0.7783246440918947 1.2635752702718017 3.7316653440769656
82 820 0.33310258605287685 3.790122845165431 0.09671982475882024 0.09671982475882024 0.12933161090330358 0.214563412607022 0.3644518776599853 0.5885969517556359 0.7620319470416597 1.2806693718757989 3.790122845165431
83 830 0.38703196770355214 3.983965705909837 0.09558058996609753 0.09558058996609753 0.1279999568201771 0.21149476263913258 0.35788293861519826 0.5930682369077005 0.7614924927852322 1.2622498865214549 3.983965705909837
84 840 0.3735002842239567 4.432044469896521 0.09214852749855347 0.09214852749855347 0.1300804782390718 0.20902788118471158 0.3594444991018892 0.594622103570148 0.7581301572881762 1.3022214616614411 4.432044469896521
85 850 0.3608041455458872 4.483974407986312 0.09105913456305134 0.09105913456305134 0.1280147859097136 0.20079039856142555 0.3425915505429606 0.6058402997425377 0.7506825690736423 1.3165816805083101 4.483974407986312
86 860 0.37124455786772875 4.469823601692601 0.09038879493219443 0.09038879493219443 0.1265914900399352 0.19234213235205566 0.32619408631012103 0.5994596681078203 0.7418927866915253 1.3225749522850327 4.469823601692601
87 870 0.38018041522833285 4.633789074986846 0.0902614726373325 0.0902614726373325 0.12424500762069762 0.19266735361161463 0.316919687457864 0.5787267058260969 0.7422664343005961 1.3450215129331111 4.633789074986846
88 880 0.429394504329652 4.6236249615194955 0.08898793564499913 0.08898793564499913 0.12445584974131983 0.19057935109190235 0.31084893158760374 0.5898874788429026 0.752059619440764 1.3043049337655195 4.6236249615194955
89 890 0.4677750466577996 4.5956254890052595 0.08769434433886837 0.08769434433886837 0.12082198499033409 0.18826615341457303 0.31774388505689616 0.6020198413866633 0.756516630483216 1.3843458798533188 4.5956254890052595
90 900 0.4414596951620167 4.6849042707181985 0.0903853462856484 0.0903853462856484 0.11543914026662137 0.18544247927682558 0.3198490012927089 0.6162187503124927 0.7350081187888917 1.4574594477487808 4.6849042707181985
91 910 0.4737119672557315 4.614280291223726 0.08737577292954149 0.08737577292954149 0.11552816919022044 0.18628438487345608 0.3085254943240388 0.6363004099802475 0.7339152573410644 1.4697156509851597 4.614280291223726
92 920 0.44576799459821115 4.565461724958365 0.08461309159407068 0.08461309159407068 0.11752344335742285 0.18496292899630254 0.3144607961718538 0.6241336765885336 0.7337068791963214 1.5661358011922464 4.565461724958365
93 930 0.45985255818694715 4.44661427396064 0.08097356110839105 0.08097356110839105 0.11696740423279339 0.18563687740452087 0.3129643041946783 0.6099764876946899 0.702879751949808 1.5656040709303414 4.44661427396064
94 940 0.49160190568975576 4.493544597070718 0.0806323482117919 0.0806323482117919 0.1105630980132488 0.1851395414203266 0.3088290269997201 0.6070363534695634 0.6930197092762654 1.5974897622078927 4.493544597070718
95 950 0.5201209333546598 4.496214005933067 0.07999993938949919 0.07999993938949919 0.10712606942408508 0.18138448858894377 0.29952401189164346 0.5954575311537563 0.7225090240616003 1.6462352142280243 4.496214005933067
96 960 0.5258959306594883 4.376155504629785 0.07981057171543456 0.07981057171543456 0.1047721543112915 0.17646860625187683 0.2857396118217771 0.5944023704355657 0.7535127806398242 1.680896539588204 4.376155504629785
97 970 0.5109017269431746 4.171222245335774 0.07968798256450514 0.07968798256450514 0.1040505363171585 0.1771802375311825 0.2718480119005697 0.6007667238510006 0.75866204387257 1.6459119433488365 4.171222245335774
98 980 0.5591702768654938 4.103330099928285 0.0749877968239138 0.0749877968239138 0.10179221364065894 0.17684140500887652 0.26998668410736354 0.5937779919544574 0.7541214838550974 1.6916703231746157 4.103330099928285
99 990 0.5522423233335932 3.8404849920034017 0.07412429123154926 0.07412429123154926 0.10097613779758588 0.17805339576383677 0.27390408463944177 0.5942634256410553 0.7432941311440556 1.8312528094630027 3.8404849920034017
100 1000 0.6452402996156431 3.6918504602262723 0.07434262652380053 0.07434262652380053 0.09517819060370493 0.1745132189248986 0.2679007875634004 0.5852296643852719 0.7599327864634724 1.87576735246215 3.6918504602262723
101 1010 0.7124670854553998 3.709709924470765 0.07211774085684458 0.07211774085684458 0.09633437729404941 0.16586275657287242 0.25839064438720877 0.5858398425137299 0.7689741672510757 2.163259279646558 3.709709924470765
102 1020 0.7283202638804356 3.6515170915264377 0.06947326369393649 0.06947326369393649 0.09380076773241658 0.16458534475882777 0.2611719277382122 0.5696726482184344 0.7728934417238181 2.329277280431305 3.6515170915264377
103 1030 0.7399397144337749 3.5857717538553637 0.0674762935326857 0.0674762935326857 0.09208071766815179 0.16297895112321253 0.2625007779234854 0.5637139776395267 0.7568822333702339 2.3927054649174373 3.5857717538553637
104 1040 0.8139870657116866 3.7910207919726244 0.06421842832060147 0.06421842832060147 0.0904718583292542 0.16434897062685858 0.25086281584990006 0.5574621732561735 0.7612965021716465 2.3825163183723705 3.7910207919726244
105 1050 0.9059914690050289 3.803314667783124 0.06190206120711748 0.06190206120711748 0.09011674413682083 0.16673376130417308 0.247373029840837 0.579085430577171 0.7423738606283987 2.421860180638574 3.803314667783124
106 1060 1.0600666008236486 4.0938519721865205 0.0589894973396562 0.0589894973396562 0.08667560853231294 0.16563889436107296 0.25172263768700487 0.5818405270304834 0.7348615964750742 2.3941320987148034 4.0938519721865205
107 1070 1.1048077826792255 4.865641718006403 0.05818249099379573 0.05818249099379573 0.08568958866828277 0.16402055879253058 0.2533210786289899 0.5629384551266696 0.7141211934748227 2.3235664636270736 4.865641718006403
108 1080 1.1009889384667668 4.9726694232074395 0.058746918076081775 0.058746918076081775 0.08554746417062743 0.15585069018792935 0.2466784078888914 0.5633105723620949 0.7026419025048154 2.3207923741268583 4.9726694232074395
109 1090 1.0714612170718443 5.070986502157757 0.05671194122409573 0.05671194122409573 0.08711334095603762 0.1539010453943033 0.2457388854900909 0.5569984669151021 0.6989124873498942 2.251880009945753 5.070986502157757
110 1100 0.9835652262192206 4.876429728525024 0.05572765679541259 0.05572765679541259 0.08749300691593973 0.14825409862219385 0.2512872259880938 0.5637508831134521 0.7374517968525441 2.124651416414668 4.876429728525024
111 1110 0.9102604931895263 4.744799451024204 0.053314837033483164 0.053314837033483164 0.08587448355195973 0.14656893250430747 0.2537988146442517 0.5646278531192528 0.7104141503154708 2.130900134351132 4.744799451024204
112 1120 0.8653826693993119 4.519345293696954 0.0525284577471633 0.0525284577471633 0.08514757164229296 0.14821240727694773 0.25705849500287264 0.5598015612563492 0.7055542633251656 2.092996206226917 4.519345293696954
113 1130 0.8002781360143278 4.421817631379816 0.051599511793325135 0.051599511793325135 0.08504840791844542 0.14212986243129233 0.2605444917246767 0.5721989109752125 0.6945033116845889 2.075526553000027 4.421817631379816
114 1140 0.7944553709109949 4.3156437603371876 0.05131875047970598 0.05131875047970598 0.08409087334931878 0.13806565936559537 0.2612301545071205 0.5656230770401385 0.682851438408715 2.052735817251294 4.3156437603371876
115 1150 0.7244991646994616 4.300422509517487 0.05107690012477956 0.05107690012477956 0.08437213112003394 0.13688663419370664 0.25980279872258905 0.5833119864708287 0.6490230260220287 2.074362096301902 4.300422509517487
116 1160 0.7366034765825415 4.255690827619126 0.050796057111136134 0.050796057111136134 0.07890228073984616 0.13474691756274298 0.2572555011745108 0.5898968263505288 0.628464969141034 2.074515210824391 4.255690827619126
117 1170 0.6603209628202454 4.051233146023472 0.050534181901817944 0.050534181901817944 0.08050033117445257 0.1444936715002326 0.25045170626651003 0.5670424490953432 0.6257230019093181 2.0266502649809746 4.051233146023472
118 1180 0.633883774612696 4.026457391084711 0.049466785428816336 0.049466785428816336 0.08017007814184204 0.1397730305906507 0.24272460479718103 0.5552580402989623 0.6275801783586389 2.0231803175953575 4.026457391084711
119 1190 0.6983167529026716 3.9446797121675075 0.04761687070617301 0.04761687070617301 0.08050239364396129 0.14104320011417892 0.24393113105274072 0.557476387358272 0.626962625098925 1.9602716518746417 3.9446797121675075
120 1200 0.7171809337814931 3.8727097174053076 0.04947351525529057 0.04947351525529057 0.0786664410853891 0.13320144363556002 0.24703125657528233 0.5814699712817449 0.6654388734848309 1.916558495126983 3.8727097174053076
121 1210 0.7286810707016959 3.824515432444349 0.04895983654461752 0.04895983654461752 0.07297761127139828 0.12972065920363365 0.24740691185495428 0.5979756380967829 0.6775996944210768 1.9028550269423958 3.824515432444349
122 1220 0.6702336407664587 3.6806281975755555 0.04764364432199473 0.04764364432199473 0.06997379868728854 0.12494313190644804 0.2472669169060383 0.6054797262724383 0.7138169443427473 1.9050957626546727 3.6806281975755555
123 1230 0.5985622640096183 3.6714299094206204 0.047732702165666045 0.047732702165666045 0.06889554047880649 0.1226699522486244 0.24816968818071836 0.5888630533026109 0.7199445274357607 1.8211307180651717 3.6714299094206204
124 1240 0.5247934411669484 3.65236609900682 0.04625524333289656 0.04625524333289656 0.06610232580630983 0.11919274286004082 0.24887176907133887 0.5822963277654397 0.7044155188514322 1.7967382240358325 3.65236609900682
125 1250 0.49770995223411785 3.60210971150456 0.04216674465608459 0.04216674465608459 0.06374579764674314 0.11941347818560075 0.24572296273530092 0.5852895061896222 0.7097998771275166 1.7619164728630161 3.60210971150456
126 1260 0.49170387755364514 3.531930618631317 0.04205512797957987 0.04205512797957987 0.06135593965447609 0.11467297286215804 0.24972969438381493 0.5664167276407234 0.7057955182473701 1.7948490487809594 3.531930618631317
127 1270 0.4372060930282419 3.474864519661212 0.04194955691762492 0.04194955691762492 0.06139991400868527 0.10950248568094519 0.2405171307650324 0.5750805013037303 0.7078460599335672 1.7749627580222407 3.474864519661212
128 1280 0.3850265140312022 3.462069112072254 0.041871738380191856 0.041871738380191856 0.06029994452153182 0.10457741456284822 0.2248842811942289 0.5688208584556063 0.7246550233166286 1.7271817859097307 3.462069112072254
129 1290 0.3757693449280638 3.388268369887891 0.039800261029130764 0.039800261029130764 0.0600671440759523 0.10310309772812606 0.22832953047089957 0.5682726125029233 0.709045259243065 1.6535523975112283 3.388268369887891
130 1300 0.380412760809353 3.122385788737361 0.04028788444871974 0.04028788444871974 0.059626712269938514 0.10330620740725 0.23668699725486833 0.5575663158418462 0.6964765197151034 1.6174354821664512 3.122385788737361
131 1310 0.37536191339090197 2.968232947418738 0.03940414867922071 0.03940414867922071 0.058540281185819706 0.09906997729808259 0.23612913170196298 0.5875282812420337 0.7196088179910062 1.6521607689222477 2.968232947418738
132 1320 0.36884238400253283 3.054311102841685 0.03848306178842339 0.03848306178842339 0.05834097560745559 0.09629811358290713 0.22608035149119507 0.6042021821606798 0.705800533705879 1.6232435521982445 3.054311102841685
133 1330 0.3699852507384795 3.034656117976588 0.03875472798977158 0.03875472798977158 0.057180690839649335 0.09786545262771112 0.21008932912567896 0.597125823472115 0.6965545735665495 1.6381133274376118 3.034656117976588
134 1340 0.3917428156655714 3.0507307771849455 0.039212627772097226 0.039212627772097226 0.056210639607206465 0.09585747536536512 0.2070680813747054 0.5899449235625704 0.7036744672794909 1.6454167757115177 3.0507307771849455
135 1350 0.4089149969978844 3.035800559574373 0.03757937970596413 0.03757937970596413 0.05740273534760744 0.0915062324084555 0.206056752647032 0.6203873925143045 0.7525446766158077 1.6131803353524596 3.035800559574373
136 1360 0.43597911840693304 2.9160851625687405 0.035692931600490384 0.035692931600490384 0.05570858017677374 0.08937792834013386 0.20688975593148345 0.6287287820011809 0.8012087500428317 1.6071913422046495 2.9160851625687405
137 1370 0.4725629500466143 2.914340316903566 0.034672461651261303 0.034672461651261303 0.05305980470394084 0.08765976887403719 0.2045772442518683 0.6459644432542856 0.8259408020355726 1.6178473190714142 2.914340316903566
138 1380 0.4727807182021199 2.94620189756574 0.03471924379343537 0.03471924379343537 0.05088644515230033 0.08141815950851966 0.20703402079089292 0.6616291366215072 0.8405781073752694 1.6427288751225115 2.94620189756574
139 1390 0.4671626153624295 2.849399114561947 0.033286548805843696 0.033286548805843696 0.04947530869012373 0.08017592052500018 0.21163396009652718 0.6643405180070019 0.8532457576018591 1.5699709234901096 2.849399114561947
140 1400 0.4860801470899847 2.802115551419621 0.03349683218851082 0.03349683218851082 0.05027558886780946 0.08241920445100558 0.2099125624385651 0.6500239916006153 0.8120825518623526 1.5178908622693 2.802115551419621
141 1410 0.4867024091365977 2.783964964777352 0.0329343428033907 0.0329343428033907 0.050613131465597115 0.07894414787586494 0.2043802502205844 0.6566101050572911 0.8794848298495617 1.5248221626274778 2.783964964777352
142 1420 0.45343737363444464 2.773586081170483 0.03302683664733374 0.03302683664733374 0.05068414065724537 0.0770421452868787 0.2052426083485331 0.6621953073376662 0.8290600459082054 1.54414440768405 2.773586081170483
143 1430 0.4385921468164748 2.7308195965670015 0.03271420734674839 0.03271420734674839 0.051271990409389165 0.07652659177455995 0.19112691941377596 0.6597246823740001 0.8349264175643635 1.5121783819893488 2.7308195965670015
144 1440 0.4053607806918867 2.7171858246569123 0.03262417102374981 0.03262417102374981 0.05186077422645201 0.07497210747390293 0.18887925517161913 0.6535345481594466 0.8388228795431585 1.4008373325017034 2.7171858246569123
145 1450 0.3871973041503783 2.686678420562843 0.031613234336797996 0.031613234336797996 0.05014753002314891 0.07375395475074953 0.1871991186505578 0.6574617732515535 0.8322547754465852 1.3758038407242836 2.686678420562843
146 1460 0.348170513758887 2.6539389838194816 0.030366801419116806 0.030366801419116806 0.04818678186662957 0.07217492307104065 0.18794745696021312 0.6546079740934624 0.8741426819903365 1.3485550419516805 2.6539389838194816
147 1470 0.33284275922632356 2.4507962482525745 0.030360513723747023 0.030360513723747023 0.04715545174517081 0.07298308412041549 0.18564273094748607 0.6555290660565479 0.8751401690437858 1.2856303173229087 2.4507962482525745
148 1480 0.327511492993761 2.4448105868800165 0.029471322375493075 0.029471322375493075 0.04678461750734904 0.07113421073068252 0.1862476160305762 0.6451631486328284 0.8565348563408856 1.2830868495287588 2.4448105868800165
149 1490 0.3169485164492039 2.403229454679954 0.02908439616193894 0.02908439616193894 0.046196664681203835 0.07049507930694261 0.17910630585240828 0.6384451532488027 0.8646492081417418 1.2778423509536816 2.403229454679954
150 1500 0.3320488033110934 2.3654268288900537 0.028808501112378083 0.028808501112378083 0.045558939083799356 0.0695632323589427 0.1708234761633169 0.627202087898631 0.876242903511596 1.280827341090026 2.3654268288900537
151 1510 0.3350772988377962 2.2893234901410353 0.02878613483003805 0.02878613483003805 0.04520216590034793 0.06841258827349714 0.1720496868073789 0.6104106428186514 0.9482152890039472 1.2213320837774708 2.2893234901410353
152 1520 0.3595433768752439 2.190972742000494 0.02843221834775651 0.02843221834775651 0.04456252719911085 0.06810491059011008 0.16420799979241468 0.603990924104595 0.96875602619821 1.2208232922753186 2.190972742000494
153 1530 0.34841035108197294 2.1381145269339545 0.02820555079222871 0.02820555079222871 0.04600161453466051 0.06765284696302866 0.1611298446325417 0.5497507853756997 1.0450581935415757 1.2045865438243446 2.1381145269339545
154 1540 0.3495193991763084 2.1345629367395196 0.02719322027601768 0.02719322027601768 0.04619350953568626 0.06691437004437607 0.16379534355020692 0.536421908518229 1.0318217729803418 1.1676307919386688 2.1345629367395196
155 1550 0.37195226956934807 2.1294793456011343 0.0273065334781275 0.0273065334781275 0.04441924869968613 0.0665081878518925 0.16646855381501866 0.5198217026704165 1.0438946571049188 1.095464178871533 2.1294793456011343
156 1560 0.3580487566200482 2.0362248969199706 0.027547085303299357 0.027547085303299357 0.04384853633866651 0.06648823195771887 0.16703666301518777 0.5236477037523654 1.0279202582884175 1.0819015623033574 2.0362248969199706
157 1570 0.35925706444812533 2.040211528433561 0.026848760500484407 0.026848760500484407 0.04388287946483795 0.06217066764070401 0.16519094958381492 0.5247562252566579 1.0438744447977728 1.095724261271611 2.040211528433561
158 1580 0.38555553399645415 1.981982016186886 0.026648560076100287 0.026648560076100287 0.041862980293123124 0.05967689013481873 0.16417310758101789 0.532214474553251 1.0416221423517957 1.112208386154795 1.981982016186886
159 1590 0.4012245764940492 2.042686403256907 0.026393775093240156 0.026393775093240156 0.041392656565271774 0.059157708990066164 0.15945197064114544 0.540760140003726 0.9995030059603417 1.1486676874891864 2.042686403256907
160 1600 0.3775850814845511 2.0348989209504 0.02683927326700084 0.02683927326700084 0.040103090834097 0.05932240769422168 0.1567661583636712 0.5341165468805353 1.0079008739936341 1.1440370353383555 2.0348989209504
161 1610 0.3646536894082985 1.963445909388578 0.02698444635981125 0.02698444635981125 0.03872814957814641 0.0587747755467006 0.15475901681910076 0.5319882076760554 0.981391951510482 1.1371858867527995 1.963445909388578
162 1620 0.3372396360931126 1.9422015108656563 0.025992401752853805 0.025992401752853805 0.03778120111836751 0.05868885468304901 0.15934365474677747 0.5294852510346076 0.9827260548559374 1.1213992869430542 1.9422015108656563
163 1630 0.34921600067790537 1.9069980508807076 0.026204722408300837 0.026204722408300837 0.037431025514626515 0.05829375282506223 0.15804827841878052 0.5258861624095825 0.9677393641923691 1.102052309006992 1.9069980508807076
164 1640 0.40709671479996223 1.91285211819563 0.024731440374096487 0.024731440374096487 0.03770846183461764 0.05698972619023618 0.15727088779651746 0.5221847308642596 0.9524826461116771 1.1484736652001843 1.91285211819563
165 1650 0.49369614485213237 1.8476542950760566 0.023475591576411728 0.023475591576411728 0.037223610260987056 0.057851169237887336 0.1551778402897363 0.5226762915890141 0.965652371790307 1.2789316603781373 1.8476542950760566
166 1660 0.609175674515961 1.8700678668846629 0.023487054194249152 0.023487054194249152 0.037004492535222616 0.05848549465899901 0.15593028663456251 0.5111142958161076 0.92821900615888 1.2667401714801756 1.8700678668846629
167 1670 0.735309103897499 1.8460492805371882 0.022988213506823726 0.022988213506823726 0.036575320681513236 0.05827671073565413 0.15020496831941502 0.5079173379013967 0.9248841769105475 1.28459860978656 1.8460492805371882
168 1680 0.8158512127668714 1.8226069180844726 0.022927531357938923 0.022927531357938923 0.03517632058905633 0.05847040268271636 0.15160871834749964 0.5082967917166863 0.8942128658167424 1.3014816519642547 1.8226069180844726
169 1690 0.9085352980500051 1.8583039762893345 0.022830403953558016 0.022830403953558016 0.034652362988308275 0.056212688145427646 0.15077007195383335 0.5087605502061636 0.8644379097177975 1.2923753689561328 1.8583039762893345
170 1700 0.9447917039752439 1.841198880427505 0.022423292248674846 0.022423292248674846 0.032599186578449645 0.055185054568447335 0.1476988110049845 0.5165422970672671 0.8402014883879858 1.3647620058850742 1.841198880427505
171 1710 1.0908685823310356 1.797019576815479 0.02244249401440147 0.02244249401440147 0.031610166500620915 0.05533847602526809 0.14413720910754774 0.517551313894126 0.8294322781565079 1.4081917599149039 1.797019576815479
172 1720 1.343812911107983 1.7949827459568994 0.02135346529886372 0.02135346529886372 0.03066974872195215 0.05265743023462428 0.14314666976169083 0.526245826470659 0.8281369354463995 1.5818430550617106 1.7949827459568994
173 1730 1.5070083157738945 1.9249749185545526 0.01979174018545536 0.01979174018545536 0.03005911046182991 0.05352060738517357 0.14617789276353443 0.5264766241278666 0.8283491770334329 1.572609009903877 1.9249749185545526
174 1740 1.5541548110818661 1.903021497836407 0.019419592253780264 0.019419592253780264 0.02900819952944058 0.05436338055544445 0.14434628394384308 0.5199493633337267 0.8300138712973276 1.575212210914403 1.903021497836407
175 1750 1.4890074910577082 1.8718690358442815 0.018439302893101684 0.018439302893101684 0.027734258201987515 0.05673034284606493 0.14300940029805292 0.5211061268778892 0.8061540357463668 1.555123823700335 1.8718690358442815
176 1760 1.4861388872484782 1.8005798605825374 0.018177896102938063 0.018177896102938063 0.02812231712983387 0.056960630604245506 0.13664477934253466 0.51830547936942 0.7960784351161293 1.56061397291749 1.8005798605825374
177 1770 1.500630898579481 1.842077837226508 0.017419327784321675 0.017419327784321675 0.02773154963631878 0.05757660762638677 0.13586840400039116 0.5187017380143234 0.7743411628945421 1.4895923474570707 1.842077837226508
178 1780 1.425397899404428 1.858656904561193 0.01688134626006841 0.01688134626006841 0.028360223449650786 0.05720007928295182 0.12866000703946923 0.5230430780391778 0.7644467953779474 1.4484258382298376 1.858656904561193
179 1790 1.3249541144146497 1.891314924549028 0.01632889047121749 0.01632889047121749 0.028215099948657764 0.056994351295702364 0.12132242721735997 0.5428553623492197 0.7462085139923722 1.412580292897188 1.891314924549028
180 1800 1.1349644073898257 1.8704099710330022 0.016086097025310036 0.016086097025310036 0.02790969406236628 0.057643976854453625 0.11923963925728774 0.5365290229601283 0.7234687115761295 1.3630684796333918 1.8704099710330022
181 1810 1.1214807521390082 1.8371137607058123 0.016052310661765518 0.016052310661765518 0.02773315091748351 0.05773903582481339 0.1157625855014575 0.5326899500406963 0.7126107495277587 1.3130652736490351 1.8371137607058123
182 1820 1.066988011424624 1.7324093389960338 0.016065384373521955 0.016065384373521955 0.026454516046291492 0.05853535177431883 0.11412730242516554 0.5440257307092253 0.7541438897421622 1.2954677414507196 1.7324093389960338
183 1830 1.0625751589778638 1.7989936723112625 0.015735525837114735 0.015735525837114735 0.026339271438961566 0.058600076769394625 0.1123670047071524 0.5311653279760569 0.7367754422387995 1.2569647697721078 1.7989936723112625
184 1840 1.08396216742523 1.7876262781739085 0.015332415834650276 0.015332415834650276 0.025986054918631887 0.05730793950920417 0.10955022347347954 0.5336060756141562 0.7360284563316937 1.2721148047988897 1.7876262781739085
185 1850 1.2222404064223398 1.8180731066443954 0.015209635623728015 0.015209635623728015 0.02498519536659436 0.05769171551100923 0.10612651342040767 0.5165864909186989 0.7315557576603959 1.2779099310781512 1.8180731066443954
186 1860 1.2071277012440733 1.8948256600564217 0.015431145448216766 0.015431145448216766 0.024802816262511143 0.058864026983484245 0.10519411558462023 0.5201363293941642 0.6940964145867735 1.2926779354770546 1.8948256600564217
187 1870 1.1292792044930484 1.8479065837059718 0.015619339243772406 0.015619339243772406 0.02493389383703231 0.05899403602320354 0.10163102545783109 0.522113384898493 0.6929862413545681 1.2466806523869998 1.8479065837059718
188 1880 1.0815592869034236 1.8363859810056096 0.015389252462471832 0.015389252462471832 0.02511577567072891 0.057677130814661026 0.09728043522526583 0.5105229254859809 0.6841183033126169 1.2328249880373905 1.8363859810056096
189 1890 1.0244144608797718 1.8469276248195883 0.015469364175784454 0.015469364175784454 0.02493736313783653 0.05539161519692657 0.09395116528879434 0.5065785265809387 0.6671884434230532 1.2608036519271737 1.8469276248195883
190 1900 0.9597943233945656 1.9025314596358087 0.015500772347569663 0.015500772347569663 0.02463177939919947 0.05102851643226309 0.09480182066362461 0.49967837397687587 0.649844927993463 1.2488393588099351 1.9025314596358087
191 1910 0.8523063580573896 1.7584665919529403 0.015366481923361892 0.015366481923361892 0.025055081794484017 0.051248170730796516 0.09358833626961373 0.4913552669187425 0.6606185353162168 1.2090171441957356 1.7584665919529403
192 1920 0.7627518471659668 1.7330721087817977 0.015210346611374138 0.015210346611374138 0.024752038831868432 0.05165336961431722 0.09108863557699039 0.48714121270438454 0.6575409903069447 1.1252878327795075 1.7330721087817977
193 1930 0.6934256799457753 1.6777644121207809 0.015185514249287166 0.015185514249287166 0.024238360408066824 0.05170829300928531 0.08964258433823535 0.476949872218603 0.6343831592918768 1.1168426809306262 1.6777644121207809
194 1940 0.5928229372912533 1.6396781788202608 0.015121741992973173 0.015121741992973173 0.023763765559541197 0.04920544895470768 0.086578676352869 0.4763241203705459 0.6472375610046447 1.102769389447654 1.6396781788202608
195 1950 0.5698092278564856 1.6050150933856815 0.01502756269653983 0.01502756269653983 0.023511009643675664 0.0486758066277992 0.08629366432682817 0.45306052163502547 0.6366844809025338 1.0586561062365751 1.6050150933856815
196 1960 0.5479907568057795 1.5810796918543064 0.014664457228373796 0.014664457228373796 0.02229004635931405 0.04930259272144304 0.08385331592074263 0.4415698760765207 0.6477296046746167 1.0601748861158817 1.5810796918543064
197 1970 0.5359979853728881 1.5750695224399884 0.01476798713125767 0.01476798713125767 0.022060193441866358 0.0477109355759564 0.07688488379502571 0.43871943630871657 0.6387169862336863 1.0677218593561821 1.5750695224399884
198 1980 0.49683485569549546 1.515441114726692 0.015052407815257575 0.015052407815257575 0.020575320366194545 0.04809802487437707 0.07776281902352146 0.44863313429241947 0.622225342095324 1.0850735771486713 1.515441114726692
199 1990 0.45148276959616385 1.5192854186498341 0.015024223954031185 0.015024223954031185 0.02008423706644953 0.04963530430979795 0.07698799153491859 0.4321198690900676 0.6026803166176502 1.028508452332529 1.5192854186498341
200 2000 0.41118367624075747 1.513741891810092 0.014379254424628523 0.014379254424628523 0.020277902136553245 0.04708942121400688 0.07680812423510046 0.43273628634322897 0.5916721191979077 0.9971351172265246 1.513741891810092
201 2010 0.34579562098776295 1.3987985717660456 0.014562379661858022 0.014562379661858022 0.01989521699152403 0.04713470697654632 0.07667254651376083 0.41516967714356723 0.5831141555549754 0.9846852412893126 1.3987985717660456
202 2020 0.3426765933905238 1.3374111747897819 0.014424923639247704 0.014424923639247704 0.01975495804120631 0.046379892027996424 0.07383051895267066 0.41279330240627626 0.5694041191806155 0.9825061942236425 1.3374111747897819
203 2030 0.3419256805008078 1.3229570628640528 0.013741556315755396 0.013741556315755396 0.020783829590940075 0.047555781312124415 0.07109914723743757 0.39660972219234114 0.5708928789475798 0.9583751077528723 1.3229570628640528
204 2040 0.3460676944590673 1.2829774496524309 0.013429491762428823 0.013429491762428823 0.020546884074700116 0.04864678931068669 0.0688228892392686 0.4077856937148923 0.5668216038787159 0.9157033807335876 1.2829774496524309
205 2050 0.31558620549362654 1.2235300000314095 0.01322941919749795 0.01322941919749795 0.020260096674678076 0.04886340072452483 0.0717125051667741 0.4085528584755219 0.548747027028799 0.9171696359783116 1.2235300000314095
206 2060 0.29998811477532034 1.236720051949311 0.012783343542530294 0.012783343542530294 0.019798664785644002 0.04707228525654381 0.06980153146969187 0.4148416089252073 0.5424350824313064 0.8712007645394317 1.236720051949311
207 2070 0.2828988986377837 1.2317001699268353 0.01251794050486776 0.01251794050486776 0.018963807614264167 0.04797839884968505 0.06793575114058607 0.4122554079429797 0.5471777896195195 0.8468244087606293 1.2317001699268353
208 2080 0.28011389465112435 1.231023936047962 0.012034359066948686 0.012034359066948686 0.018354390689114795 0.04783810246467628 0.06820487052939916 0.4078818641401516 0.5398565296558717 0.8278286817446947 1.231023936047962
209 2090 0.2744041441499173 1.2425373575760763 0.011931056206398305 0.011931056206398305 0.018189699255883113 0.04895098834990632 0.0671248430559757 0.4133270540874721 0.5210402073886535 0.8085817382795003 1.2425373575760763
210 2100 0.25834991468749274 1.2107703649199504 0.011935733780865397 0.011935733780865397 0.01844821075208139 0.051363179570206405 0.06379942111859628 0.4095088181607323 0.5162008050592731 0.7879903624642722 1.2107703649199504
211 2110 0.25273807517504565 1.1687943284357594 0.011774325603116953 0.011774325603116953 0.01893841584931214 0.05205854441755497 0.06330190075980618 0.39470655750076 0.48458836417551315 0.7959008988336187 1.1687943284357594
212 2120 0.2216141312206156 1.1546361257801958 0.0118060699917752 0.0118060699917752 0.019302742935878903 0.052028851954385426 0.059383395706124005 0.39409024643752083 0.4716790751101326 0.7654070606962687 1.1546361257801958
213 2130 0.2036475271655007 1.1304786540640088 0.011749276392369687 0.011749276392369687 0.018507465329586515 0.05196061584730482 0.05636226849487418 0.39648284857473004 0.4688193181853857 0.7783907339526599 1.1304786540640088
214 2140 0.20361613074741394 1.1083653943966663 0.011763994098424038 0.011763994098424038 0.018322486644826812 0.050977291270144304 0.057759651803659356 0.3901565052494963 0.4425299600536903 0.7757990753655657 1.1083653943966663
215 2150 0.2068173859094103 1.0946492801618855 0.011092655318850125 0.011092655318850125 0.017653616512599016 0.04988874507061448 0.060482475612794295 0.3835667641470252 0.4387778526117331 0.792589191638129 1.0946492801618855
216 2160 0.20487645026500106 1.0160072464513417 0.01101032320527315 0.01101032320527315 0.01769037534549415 0.0497828727970215 0.060338343607667426 0.3890975368012535 0.4402265191085318 0.7792905083582882 1.0160072464513417
217 2170 0.19258913321082696 1.028416888740134 0.010655208239207577 0.010655208239207577 0.017938905081555507 0.051288846033719616 0.05965002792156655 0.3657550246129168 0.43967800376005345 0.7716628789691067 1.028416888740134
218 2180 0.17811003872818934 1.0110391033844806 0.010663731302658467 0.010663731302658467 0.01788200765353733 0.05050488100006847 0.05978349396571712 0.3552895911554888 0.42345749244831227 0.7385195547923239 1.0110391033844806
219 2190 0.19394327040490097 1.0099249355666522 0.010539767874815793 0.010539767874815793 0.017846636282889773 0.046371130948719856 0.05882334675984479 0.35864604252914983 0.40893613303787957 0.7355674948433509 1.0099249355666522
220 2200 0.18721697991882938 0.9685352763642336 0.010421598921305696 0.010421598921305696 0.01806611363240199 0.04431533175342911 0.05960803022893129 0.3737439568454607 0.4229934039209457 0.7298268450123369 0.9685352763642336
221 2210 0.17488660393066086 0.9498785517527738 0.010205356583050492 0.010205356583050492 0.017647607220624795 0.043779728721718286 0.05915995025490489 0.3679021139742614 0.42390876136750205 0.7052451855010976 0.9498785517527738
222 2220 0.1758971895407682 0.9599951892891454 0.009850931965770119 0.009850931965770119 0.01678663319069287 0.04357135034217992 0.05884305258115706 0.35479764861901697 0.4218152716805729 0.7055893276065627 0.9599951892891454
223 2230 0.17009695964733185 0.9865625710430491 0.009382934341283587 0.009382934341283587 0.016651656113531678 0.044245225843061405 0.061075183124052024 0.34734534286054053 0.41573484422982493 0.66756085986502 0.9865625710430491
224 2240 0.1582805675953827 1.001551297100276 0.009668249648399718 0.009668249648399718 0.01577097828858438 0.04371118063227841 0.06191031847297932 0.32723123541824334 0.4099471092604453 0.658742260535521 1.001551297100276
225 2250 0.15045631219967498 0.9826686849768871 0.009570633821949516 0.009570633821949516 0.01546310812528376 0.043481923149795584 0.061732714907251 0.3174449695296436 0.4120082828730582 0.6461048721385174 0.9826686849768871
226 2260 0.13105522058896396 0.9612033924455164 0.009534860475331015 0.009534860475331015 0.015051176587929626 0.043501338709536985 0.061335282786107406 0.31186244275948055 0.4008904442474545 0.6494115302123581 0.9612033924455164
227 2270 0.1161151907314627 0.9394612371449143 0.009570340143514095 0.009570340143514095 0.015032116189786525 0.04156286580247836 0.06051851583309243 0.3005011386606507 0.3880319557013731 0.6470871456486008 0.9394612371449143
228 2280 0.11152605378448009 0.9389803469322002 0.009230866120158655 0.009230866120158655 0.014421683301222907 0.04071588376813275 0.05914565237036963 0.29826361829622683 0.3862684401237531 0.6409838554939755 0.9389803469322002
229 2290 0.09932708953645747 0.9252759736290298 0.009032902648156354 0.009032902648156354 0.014678037146950963 0.038486885596167496 0.05971918812917016 0.28975895420700315 0.3815421558220544 0.6464080686225119 0.9252759736290298
230 2300 0.08574559128327748 0.893218982652806 0.008943116313981753 0.008943116313981753 0.014630576888264054 0.03713975013426802 0.05792916045611705 0.28918948378889303 0.37359192390224943 0.6361471380909706 0.893218982652806
231 2310 0.08445412563180635 0.8960460603756275 0.008990177226908029 0.008990177226908029 0.014163648297778659 0.035773249448210614 0.05748874552724992 0.2860109893798278 0.36901576303950295 0.6054129912597481 0.8960460603756275
232 2320 0.07922975709723638 0.8628032681720277 0.00900692633652597 0.00900692633652597 0.014013665338251075 0.035500186800571536 0.05729119773090421 0.2785953673317483 0.39786752172712553 0.5769755892596098 0.8628032681720277
233 2330 0.0768124715620561 0.8742587325597435 0.008720309396534058 0.008720309396534058 0.013918955135520801 0.034541143989232706 0.05595115220295659 0.26464079179909816 0.40214135871110973 0.5815894258403514 0.8742587325597435
234 2340 0.06715609660772529 0.8826193911819867 0.008252880678686047 0.008252880678686047 0.01409183572122409 0.033378327937943514 0.05589346773724879 0.25742604531365476 0.40338965102028645 0.5822338637531097 0.8826193911819867
235 2350 0.060507243335151624 0.8867310699554023 0.007987395687952549 0.007987395687952549 0.013662502179239788 0.03221338839500806 0.055688111787922955 0.25113051334245556 0.3921659194617428 0.5826812741084323 0.8867310699554023
236 2360 0.05392694513709367 0.883580173417427 0.007934092360121898 0.007934092360121898 0.01364121096321109 0.03159180547513694 0.05201191768126724 0.24656295387463284 0.3867641970916797 0.5761106381556057 0.883580173417427
237 2370 0.04822825019797099 0.8626319266433404 0.007826560208368654 0.007826560208368654 0.013583895459382744 0.03142764301781746 0.05049390344958247 0.2416878625257876 0.3773027499827703 0.5630496897329039 0.8626319266433404
238 2380 0.04374444327991782 0.8608736809286526 0.00759398673339797 0.00759398673339797 0.013564765323596342 0.030415789455739785 0.049199501123310445 0.23611668902125219 0.3657108298740056 0.5606568894546067 0.8608736809286526
239 2390 0.04403067815022595 0.8533776994363321 0.007382755365316115 0.007382755365316115 0.013439062680425228 0.02999962620483164 0.04957698854336788 0.22895382609150527 0.3772881550049983 0.5401440644042131 0.8533776994363321
240 2400 0.04234643969739784 0.8402481019542104 0.007620470698882331 0.007620470698882331 0.013423981362353914 0.029183817663017315 0.04916945523562515 0.22524506318574594 0.37758996691087765 0.5373495693264424 0.8402481019542104
241 2410 0.04509910184330424 0.8120808996233109 0.007538738355213469 0.007538738355213469 0.013551288478554894 0.02958772193620026 0.04812976500510052 0.22565391547715055 0.34931020068432517 0.5358504124381424 0.8120808996233109
242 2420 0.04432643076512894 0.8143571865651028 0.007517217097887345 0.007517217097887345 0.01325761824681032 0.02957259396683773 0.04432074443112821 0.2307111075194367 0.35413377345166913 0.5497084307386362 0.8143571865651028
243 2430 0.041601217282770137 0.809505652112082 0.007188740431882165 0.007188740431882165 0.01231518108577724 0.03026324944527513 0.043269480493203984 0.23370316887317225 0.3477684028615377 0.5568037085470519 0.809505652112082
244 2440 0.04223339030058913 0.8138948513349841 0.00708060400572601 0.00708060400572601 0.012210142284191258 0.028854843459976076 0.04319205612267177 0.23195398934481715 0.3424332105911124 0.5218695400071499 0.8138948513349841
245 2450 0.03745917442877588 0.7951401575001523 0.0071029514534943035 0.0071029514534943035 0.011893239590779392 0.02820838977452674 0.04225164117518814 0.23471969218773825 0.34141088261313907 0.5156705684776751 0.7951401575001523
246 2460 0.03362668404958948 0.7616761862004073 0.0068827230682121186 0.0068827230682121186 0.011453744467894137 0.027132540370033098 0.0416433483665784 0.2338660294520777 0.3448799182654658 0.5149500266504312 0.7616761862004073
247 2470 0.02992171172693977 0.7408396413836594 0.006565275214538321 0.006565275214538321 0.011306536826714142 0.026548530523846696 0.041824959009710096 0.230551656700312 0.3323200898035555 0.5176066956005515 0.7408396413836594
248 2480 0.025701978194805093 0.7249276920715471 0.006565299409691484 0.006565299409691484 0.011080658663897014 0.025069518555156215 0.042298976788087535 0.22155032815872536 0.3318184269672577 0.5249757378341708 0.7249276920715471
249 2490 0.024699637190058393 0.7107591743842021 0.00640414720013651 0.00640414720013651 0.010437769845849366 0.02463893886072144 0.042409312892177725 0.2166167255008756 0.3246357553395615 0.5202845229622652 0.7107591743842021
250 2500 0.022553229916419358 0.7061692492330859 0.0064140313614916315 0.0064140313614916315 0.010139269012868884 0.024737486673751124 0.042632790738852434 0.20962571195483906 0.32200002367313146 0.5064173032122524 0.7061692492330859
251 2510 0.02046439253441669 0.6834038124611993 0.006358074011792014 0.006358074011792014 0.010005903079007575 0.024749163849971865 0.043204797887938344 0.21083174218586473 0.315264715839686 0.48278171467345893 0.6834038124611993
252 2520 0.019288736519153735 0.6703827571351584 0.0062658493069026 0.0062658493069026 0.009563627548590916 0.02432181943210129 0.04306960988229517 0.21008506687290213 0.31517124650636047 0.47411287621299814 0.6703827571351584
253 2530 0.019224385912172594 0.6723779736385334 0.0061575874707111514 0.0061575874707111514 0.009945806827030343 0.024144075089702944 0.03840712370422161 0.20854443905599065 0.3159151517777583 0.4641846429704572 0.6723779736385334
254 2540 0.01900250678864275 0.664797103368745 0.006209895500107571 0.006209895500107571 0.010615719963439223 0.023787250398808787 0.03752880086252601 0.20769387981519605 0.3038735813667436 0.42861676717338704 0.664797103368745
255 2550 0.018585464066701713 0.6589759279108754 0.006072293366718289 0.006072293366718289 0.010731183395731253 0.023420187109257796 0.038725777736827185 0.20948954677810336 0.3060504178361549 0.41928688019395627 0.6589759279108754
256 2560 0.016915026186057135 0.642580420043617 0.006125493328043599 0.006125493328043599 0.010190422426328722 0.023790423584553723 0.0373841092261917 0.2094351589008503 0.3010179040327021 0.43410718182042596 0.642580420043617
257 2570 0.014155927565891995 0.6458051548260803 0.005933319213822786 0.005933319213822786 0.01002105133971182 0.02355257400277031 0.037083839660332206 0.21111515590375426 0.2815065798449998 0.4379188450462339 0.6458051548260803
258 2580 0.013550259399508243 0.6430607907677635 0.005979827438056033 0.005979827438056033 0.009594168158260459 0.02268799947591247 0.036254996089178496 0.20815904159282278 0.27925168927337474 0.41647913310345774 0.6430607907677635
259 2590 0.012229804145638776 0.64814366685391 0.005931176470236511 0.005931176470236511 0.009660695585561601 0.0235892094244839 0.03444589061164633 0.20534178848163356 0.2766900225363803 0.4029837076709421 0.64814366685391
260 2600 0.01123641413811325 0.6517676956970259 0.005763385319595397 0.005763385319595397 0.009692700215001359 0.02324292282176153 0.0337546489810343 0.20205173629265702 0.2692038653644093 0.38702403581392714 0.6517676956970259
261 2610 0.009992418977809683 0.6357765476243725 0.00561647322667122 0.00561647322667122 0.009632799318230465 0.022953098907352653 0.034248402819508444 0.19340453727759288 0.2593247319237367 0.39262629926186227 0.6357765476243725
262 2620 0.0091691877853809 0.6398395755567118 0.005460967122205209 0.005460967122205209 0.009409127785806796 0.022397382457837827 0.03411235337192789 0.1883628268996121 0.27052362325817486 0.37554977928478117 0.6398395755567118
263 2630 0.00847228140659373 0.6098963655467768 0.005309334249808593 0.005309334249808593 0.00933420585025406 0.02229049597715666 0.03397299924589106 0.18237799588740342 0.27639165323811987 0.37269523424990453 0.6098963655467768
264 2640 0.008145158486900516 0.6047346086807212 0.005357038617178565 0.005357038617178565 0.00905844202284757 0.02224886473451856 0.03340462538572099 0.17321758999325468 0.27825307766577534 0.3736488716202323 0.6047346086807212
265 2650 0.008170950211051317 0.5998842321425751 0.005249082462109585 0.005249082462109585 0.009047375496957093 0.022788775726573042 0.03164403884825538 0.1681945847842491 0.271363539932562 0.3761466192700324 0.5998842321425751
266 2660 0.007990890117473816 0.5947723688062903 0.005245155402581421 0.005245155402581421 0.009348145432187878 0.021836527498460444 0.030114167949987662 0.17319115748465738 0.2663015251065907 0.3782603457330754 0.5947723688062903
267 2670 0.007311491475805657 0.6061230698965094 0.004972032919352174 0.004972032919352174 0.009079102100083457 0.02170136548765065 0.029843056615256637 0.1725215626110504 0.2638393850610247 0.3765761057258246 0.6061230698965094
268 2680 0.006716946529874311 0.592024857278381 0.004818838456452975 0.004818838456452975 0.00879343896459576 0.02165934023165901 0.030617184858284317 0.16984865769803145 0.25577334531542417 0.3663977293064939 0.592024857278381
269 2690 0.006111845139811523 0.6106047701537081 0.004774845291060524 0.004774845291060524 0.00867078020889679 0.02133581733743809 0.028927411757531798 0.16267344695443017 0.2490475759486426 0.3606881644306345 0.6106047701537081
270 2700 0.00529978713903048 0.6167286223128047 0.0044648185104908655 0.0044648185104908655 0.00836264633249106 0.020651226253873344 0.029149860191960742 0.16320774699956836 0.24851362475122957 0.35998695704227585 0.6167286223128047
271 2710 0.005025277775180439 0.5994920420530658 0.004218062944686601 0.004218062944686601 0.008287888123726573 0.020513900010656748 0.02893342008406015 0.1634720946288161 0.24185776877421028 0.35664825499349617 0.5994920420530658
272 2720 0.004676385231150253 0.5898151760052687 0.004229061544101882 0.004229061544101882 0.007985658442514382 0.019947172058142282 0.02916073042834037 0.15564470752605145 0.23937643512494222 0.36828508037702307 0.5898151760052687
273 2730 0.004362968263634479 0.587832478166133 0.004181610678955496 0.004181610678955496 0.007649441930058506 0.019606905692357117 0.02900108759865067 0.1560076278445791 0.23558493265149924 0.3725937687927153 0.587832478166133
274 2740 0.003900154180133734 0.5727976161612991 0.003977733094474137 0.003977733094474137 0.00749768783301331 0.019650100843707694 0.029028926234775806 0.1526250672505262 0.239801314993682 0.3743685994338152 0.5727976161612991
275 2750 0.0034610284541815458 0.5688205034774386 0.003931042501408621 0.003931042501408621 0.007213263395510339 0.019692263785928813 0.028708497318209403 0.15143405843040653 0.24115079952124402 0.3472832743126009 0.5688205034774386
276 2760 0.0032480168120757576 0.5683602762742546 0.003858718546798509 0.003858718546798509 0.006723055672343002 0.019189826670506456 0.02873245204670145 0.1497834356366897 0.23660541470544022 0.34167597811728023 0.5683602762742546
277 2770 0.002873523348327803 0.5688211030263081 0.0037610340674265343 0.0037610340674265343 0.0068457872808509925 0.01860870840266069 0.028784722177506824 0.1484769060507876 0.24039254932064136 0.31823822101964233 0.5688211030263081
278 2780 0.002676073583623395 0.5695373868528004 0.003804080412436194 0.003804080412436194 0.00677496918075986 0.017925015062549208 0.02745815061129693 0.14700586274191246 0.23049562740624094 0.3168552408568481 0.5695373868528004
279 2790 0.002516548970833101 0.5612822390396384 0.0037864868985242562 0.0037864868985242562 0.006756626589147503 0.016913487107817562 0.026650728975946576 0.1490038059908919 0.22693941298831827 0.3167225875491317 0.5612822390396384
280 2800 0.002381312923422149 0.5660980976442216 0.003746362388421986 0.003746362388421986 0.00635614632119833 0.016687127748169456 0.025269246445441842 0.14628444641100627 0.2225702960395889 0.3181172123400159 0.5660980976442216
281 2810 0.002142375784995089 0.5617924774446438 0.003674965147601241 0.003674965147601241 0.00659255918516763 0.016678733400124227 0.02533033204842414 0.138672129960461 0.2173036012723541 0.3060970841128818 0.5617924774446438
282 2820 0.0021673422374242825 0.5641277637174914 0.0037023716879286254 0.0037023716879286254 0.0063958247621847784 0.01686422947162761 0.02498873340640021 0.1374872991880987 0.21393265231405864 0.2934514184178106 0.5641277637174914
283 2830 0.0020000409979072055 0.5489110455335398 0.0037292941376376025 0.0037292941376376025 0.006427699462280815 0.0166790521696245 0.0247790764269964 0.13679052565347322 0.22379015946059203 0.27720857090317286 0.5489110455335398
284 2840 0.0019420051869876915 0.5362102265839036 0.003619982165283906 0.003619982165283906 0.0060216052150082145 0.016225087664524716 0.024409605099954126 0.14034804324968825 0.2245969686455412 0.27397081171048115 0.5362102265839036
285 2850 0.001881328626657536 0.5273723032318849 0.003738508694417422 0.003738508694417422 0.005741872582973862 0.015575562300552754 0.02385483619903729 0.13998530215202518 0.22226191218555572 0.27386311011626446 0.5273723032318849
286 2860 0.001704252207626992 0.5186828418319422 0.003734986563450932 0.003734986563450932 0.005494723992044303 0.015404160155649637 0.023750909569122933 0.14497186641757173 0.2179714215915179 0.2631528125353183 0.5186828418319422
287 2870 0.0015123846753650166 0.5205954848689803 0.00371163274891814 0.00371163274891814 0.00561532366870559 0.014512351566155029 0.023270647782423857 0.14140965961243296 0.21518488384616985 0.26293494207831936 0.5205954848689803
288 2880 0.0013986932180328352 0.5094746626079356 0.003711550135876487 0.003711550135876487 0.005506223720715645 0.014176663237660564 0.023425609776823054 0.13750074995512937 0.21382731173262096 0.2592037481974955 0.5094746626079356
289 2890 0.0013885009165470262 0.48158645016899954 0.003724547181535802 0.003724547181535802 0.005340472749864334 0.014934597525217497 0.02236516660848927 0.13776367911986614 0.21062206052618584 0.2486339291331159 0.48158645016899954
290 2900 0.001395574791509193 0.4650819830154715 0.003918406538860153 0.003918406538860153 0.00526182771732667 0.014710350470913099 0.022318166898902408 0.1367795288043371 0.20393539885221978 0.24235105340106897 0.4650819830154715
291 2910 0.0014606911883833554 0.460392691306196 0.003964979130646133 0.003964979130646133 0.005201561875068101 0.014806852562559276 0.02258115686241244 0.1297228001404402 0.19905281741079853 0.23297138534990142 0.460392691306196
292 2920 0.001399639155992883 0.45528895559487703 0.003940718676300887 0.003940718676300887 0.005283936826572196 0.014585445103051355 0.02362500437310676 0.12949814311620936 0.1864143884016262 0.23670417228664226 0.45528895559487703
293 2930 0.0013389169510776592 0.4449786754847121 0.0039000849350967707 0.0039000849350967707 0.00528667763709606 0.014601198732507484 0.022781009583903472 0.12401596092812649 0.1812015462693355 0.23557203280529893 0.4449786754847121
294 2940 0.0012271587289479676 0.4338009150183659 0.0038035011933176153 0.0038035011933176153 0.005286084768820873 0.014527356618053352 0.023462787687188184 0.11700483027363225 0.17900373972856296 0.23164679565219476 0.4338009150183659
295 2950 0.0011380203379007024 0.42605761610281556 0.0038379450037351642 0.0038379450037351642 0.005179559926302722 0.014497325763994906 0.02257399637958735 0.11328464440121463 0.1735560785177796 0.2294026962938778 0.42605761610281556
296 2960 0.0010675273788129326 0.41314444427545916 0.0038439003011947847 0.0038439003011947847 0.005048389411009615 0.014289849843727201 0.02224397940906497 0.11343991847922126 0.16869756754581236 0.2224381159530146 0.41314444427545916
