% # columns="iteration, evaluation, sigma, axis ratio, bestever, best, median, worst objective function value, further objective values of best", seed=465285, Mon Apr 20 10:59:20 2020, <python>{}</python>
1 10 0.45360158084147123 1.0000437509570452 350.8884822298754 3.5088848222987542e+02 427.24045785911784 515.4914593950206   
2 20 0.46493332381192265 1.2099428866764599 349.3498245970897 3.4934982459708971e+02 434.24660872546394 522.0557554213138   
3 30 0.49820685624804595 1.3652176276552672 348.70132714993974 3.4870132714993974e+02 418.95727623137225 476.82043745724957   
4 40 0.46724116800268817 1.4059179968371887 348.70132714993974 3.4883257143264825e+02 391.6239467815247 464.44997064567417   
5 50 0.44059113806624056 1.4010999838080507 344.1765376937516 3.4417653769375158e+02 376.28470932191453 468.827424146573   
6 60 0.412355622730927 1.4672178397604931 344.1765376937516 3.6656857524061002e+02 398.82779635926215 437.0190404109528   
7 70 0.38746740931800383 1.5389723518378233 344.1765376937516 3.5004224716964336e+02 398.1680208151631 467.9180598519482   
8 80 0.3654295939957235 1.6254720132157812 344.1765376937516 3.5507361996458206e+02 377.0820687316844 420.4386311378813   
9 90 0.3478137632167861 1.6518201785245512 341.74347219705123 3.4174347219705123e+02 369.55468386018015 405.2231869333254   
10 100 0.36624621712764804 1.7246909059764177 339.7529801996343 3.3975298019963429e+02 358.0200960800414 433.9959600152696   
11 110 0.3309084920540218 1.8342414832721619 337.00211428163925 3.3700211428163925e+02 401.0169278239558 459.28427654186737   
12 120 0.31128182946053207 1.855626401512261 337.00211428163925 3.3943619594917976e+02 352.76009066024983 404.59318377926985   
13 130 0.30396593382359954 1.9825008858147077 337.00211428163925 3.4229928918170526e+02 351.44538680728294 404.02441205571597   
14 140 0.2855063272083667 2.0380366191013404 337.00211428163925 3.3883567848395933e+02 364.80627170696187 399.0401327195774   
15 150 0.2524118999914464 2.0898749849356175 337.00211428163925 3.4067882763741130e+02 361.8854165102224 394.7929199690694   
16 160 0.24064702592740425 2.0810320423302384 337.00211428163925 3.3883089532643322e+02 357.64681810307115 365.92958864115576   
17 170 0.23546084090618263 2.148929068366668 337.00211428163925 3.4556713518625861e+02 350.11135842480473 367.49192724582565   
18 180 0.23056681649157565 2.197628541069411 335.6278979178143 3.3562789791781432e+02 354.3589994882135 371.9953787341667   
19 190 0.23521002637938931 2.259641742493622 335.6278979178143 3.3837969108703498e+02 347.0976546818109 365.05203657590346   
20 200 0.24563209476302947 2.3958096010162713 335.6278979178143 3.4013893625488311e+02 350.10303244113686 378.602201443187   
21 210 0.259023335609828 2.8929794795755077 335.6278979178143 3.3810476522463364e+02 345.94598392159014 365.89969858713823   
22 220 0.23914317511787442 3.2287938299130854 335.6278979178143 3.3945483511971560e+02 348.63587096238575 368.608100206901   
23 230 0.23198615153500982 3.528573724369036 335.6278979178143 3.3606160670790280e+02 345.83047884720816 364.72753483247345   
24 240 0.21314425720642674 3.486696579924958 335.6278979178143 3.3909202691246736e+02 345.5187271257156 364.23453001665507   
25 250 0.19669856663958088 3.4899612156289574 335.6278979178143 3.3661823734459830e+02 340.70937466975033 378.4003627883244   
26 260 0.17922254566094167 3.653348741460912 335.6278979178143 3.3602167456279687e+02 342.95787953008124 357.30645575909307   
27 270 0.1595571326661712 4.003499510603522 335.6278979178143 3.3616822012235463e+02 339.3533608950656 348.1981435614163   
28 280 0.14277193854132167 3.953481446349411 335.6278979178143 3.3617816978631970e+02 339.5465351558676 344.6863631382335   
29 290 0.13503538683013866 3.976642569876552 335.6278979178143 3.3679073697482494e+02 339.845419846402 341.5801682569703   
30 300 0.12989790328715742 4.172071411992321 335.46023646696096 3.3546023646696096e+02 338.625581001378 347.78309064111903   
31 310 0.12776202718543106 4.40469258135514 335.46023646696096 3.3601066437351477e+02 339.56021322923175 347.37347225655253   
32 320 0.11582541961582193 4.546347260095104 335.46023646696096 3.3726743533235833e+02 338.90127008130116 342.01423135024964   
33 330 0.10663268791832184 4.7617325410410745 335.46023646696096 3.3588156645202093e+02 336.93850458741235 338.5688923833254   
34 340 0.11221015257576267 4.829230968466531 335.46023646696096 3.3570908196179732e+02 336.4636666329044 337.7510229190686   
35 350 0.10204712344740761 5.1126441169037 335.46023646696096 3.3585443587675491e+02 336.60287915994513 339.8198127397609   
36 360 0.09171914144484904 5.088591579782538 335.2658225578682 3.3526582255786820e+02 336.24662871735 337.98730915483026   
37 370 0.08597516052917846 5.283663138065122 335.2658225578682 3.3543211426166965e+02 336.01158206474713 337.1952793709968   
38 380 0.07503021285907671 5.157527551588413 335.23205084653205 3.3523205084653205e+02 335.9347538494767 340.1681699061366   
39 390 0.0717488309982374 5.198359663840427 335.23205084653205 3.3536181756896451e+02 335.85055305527095 337.38840795579034   
40 400 0.07282814585981434 5.1681569918920545 335.17864549127904 3.3517864549127904e+02 335.50923407961403 337.3473015723388   
41 410 0.08035519794359564 5.50029263965215 334.89049330547283 3.3489049330547283e+02 335.5882349624833 336.9514846742419   
42 420 0.07927289376704898 5.906615338670877 334.89049330547283 3.3497655191362219e+02 335.32414583840534 336.2377241361916   
43 430 0.08098127689379148 6.18209701683406 334.79086104779594 3.3479086104779594e+02 335.27018338197 336.8776529701687   
44 440 0.08166174868331409 6.324032727148478 334.734306276496 3.3473430627649600e+02 335.1127638829101 336.2400268685792   
45 450 0.08327032766018788 6.696645185566667 334.5749321647123 3.3457493216471232e+02 335.0224062723973 335.29880722224664   
46 460 0.10236041498060368 7.111600803097426 334.3203264095937 3.3432032640959369e+02 334.62493572737503 335.504156863715   
47 470 0.11172196873133314 7.765591612556514 334.3203264095937 3.3446413594644241e+02 335.00768716772325 336.6706382795654   
48 480 0.1158643136677156 7.8353268981429025 334.271921397497 3.3427192139749701e+02 334.79731173559605 336.2094138291082   
49 490 0.11142720578789181 8.050638654769022 334.271921397497 3.3428810499291620e+02 335.43237105587787 337.4058746816138   
50 500 0.10770052472940787 8.793675370301795 334.1372266638969 3.3413722666389691e+02 334.5433453873765 335.35237582376385   
51 510 0.10615133169297741 9.266581416958836 333.97121713401657 3.3397121713401657e+02 334.30274295614873 335.49045391752077   
52 520 0.10647559304529143 9.636337592081958 333.6690674584793 3.3366906745847928e+02 334.56555623484167 336.87936541532815   
53 530 0.109641742670362 10.271734863508845 333.5081117187184 3.3350811171871840e+02 334.36935484884697 336.29693327541963   
54 540 0.110857289313014 12.014558674729647 333.37502382188916 3.3337502382188916e+02 333.9412107512053 337.4122947105991   
55 550 0.0998111882737691 13.085189359125213 333.37502382188916 3.3338936637820518e+02 333.7966956546377 334.60283467348944   
56 560 0.08794682579699024 12.864005772750238 333.37502382188916 3.3357466035273535e+02 333.9100137599465 334.3323668059313   
57 570 0.0809855534626547 12.668973282934811 333.2534388687854 3.3325343886878539e+02 333.5828947071784 333.7269664459102   
58 580 0.08410586050063658 12.722639369016159 333.2534388687854 3.3327659028786832e+02 333.50491584592487 333.8960760198622   
59 590 0.07862919755616296 13.5452858400052 333.2534388687854 3.3328395829656563e+02 333.58560012784744 334.60509266602924   
60 600 0.07403362868841017 13.800329592217192 333.1293129145571 3.3312931291455709e+02 333.5215102686558 333.7707663878309   
61 610 0.07177512860500812 13.587896041680384 333.0230397904396 3.3302303979043961e+02 333.1835768153512 333.78818787698305   
62 620 0.07009831268024538 12.88407852954547 332.8421410084451 3.3284214100844508e+02 333.08993418782404 333.4514024433113   
63 630 0.07498409261293729 13.800424242711204 332.6113688126661 3.3261136881266611e+02 333.10349841027505 333.23689952481766   
64 640 0.08948052043556763 14.906792397049424 332.2924995838197 3.3229249958381968e+02 332.93837146847227 333.34096427732504   
65 650 0.10510408509591758 15.975010898267378 332.1387563690745 3.3213875636907449e+02 332.6975366735329 333.27185059658177   
66 660 0.12154420667959422 15.975755302420831 332.1387563690745 3.3217655241913394e+02 332.7793596416502 333.09132307912546   
67 670 0.1368747404435698 16.983501304638423 331.53417656734035 3.3153417656734035e+02 332.5447361891971 333.6291431055079   
68 680 0.14576377516751016 18.093240899000246 331.115162528287 3.3111516252828699e+02 332.26296201391943 333.2143332550881   
69 690 0.17155477555207851 19.98035966948958 330.901370813399 3.3090137081339901e+02 331.6428694692802 332.2943128841782   
70 700 0.20260979462181353 22.694492447325423 329.50376154375806 3.2950376154375806e+02 331.33357649401705 333.2402075244215   
71 710 0.2380663957188774 25.166305923020595 328.67816933480606 3.2867816933480606e+02 330.24076016326126 331.6086612875886   
72 720 0.29377537966721157 28.688154504355857 327.96673875483555 3.2796673875483555e+02 331.2487579606594 335.30213816415676   
73 730 0.3133544201455726 30.633469176134845 327.96673875483555 3.2824655747371827e+02 329.6269714112302 333.5339984451831   
74 740 0.3412444142727494 30.553843968697926 327.96673875483555 3.2805714893466711e+02 329.9426324198705 333.2415526422228   
75 750 0.3107511582083723 31.290231895237792 327.96673875483555 3.2842346863861053e+02 331.7661116263475 335.95465989670413   
76 760 0.28937587698061434 31.537781129320564 327.96673875483555 3.2842078719882005e+02 329.60456162904586 332.99081161070785   
77 770 0.2702075436506454 30.734107332933135 327.0264622553534 3.2702646225535341e+02 329.3091308772655 333.3476504591061   
78 780 0.2934516696384557 31.121383221542 325.92731395112554 3.2592731395112554e+02 328.7064599572061 331.7508674544638   
79 790 0.3080533307224239 35.444505947049386 325.88751478144496 3.2588751478144496e+02 326.9693991952853 335.4293751979495   
80 800 0.3192714268803617 36.04902986276943 324.55846002804935 3.2455846002804935e+02 328.04604124422804 331.33474503170413   
81 810 0.319571051677075 38.1533102678772 324.02527096776976 3.2402527096776976e+02 326.3406538787412 330.78701801780664   
82 820 0.33310258605287685 39.1866181996964 323.38190877734905 3.2338190877734905e+02 326.049220967873 331.0491320553344   
83 830 0.38703196770355214 41.68174424663994 323.0636780661687 3.2306367806616868e+02 325.27264893027484 326.64940605449965   
84 840 0.3735002842239567 48.09674761179547 322.8491477505943 3.2284914775059428e+02 325.0974376113054 335.1661695739223   
85 850 0.3608041455458872 49.24244480801111 321.781664158602 3.2178166415860198e+02 323.88193962365455 326.47954515819885   
86 860 0.37124455786772875 49.451080800951715 321.781664158602 3.2207815456603265e+02 324.3182241305899 326.89776843128095   
87 870 0.38018041522833285 51.337397226004185 321.781664158602 3.2225911890332338e+02 324.5399059333438 331.44673931798593   
88 880 0.429394504329652 51.95788539206697 320.01711000801635 3.2001711000801635e+02 322.12823046575335 325.16619986020044   
89 890 0.4677750466577996 52.40503847371102 319.0303722095735 3.1903037220957350e+02 322.590748366532 326.98059582118543   
90 900 0.4414596951620167 51.832564273331535 319.0303722095735 3.2070505087157437e+02 324.24113741522814 334.8428158867787   
91 910 0.4737119672557315 52.80960770378091 319.0303722095735 3.1955612900026097e+02 324.3614296125186 326.9813547216054   
92 920 0.44576799459821115 53.95691894655097 319.0303722095735 3.1924783655693710e+02 324.5957369126776 330.2546419560486   
93 930 0.45985255818694715 54.91439691047318 318.15046698272437 3.1815046698272437e+02 322.2067233319326 335.9294634209693   
94 940 0.49160190568975576 55.72880731772574 316.8885812217809 3.1688858122178090e+02 320.70494683204265 325.9765630927295   
95 950 0.5201209333546598 56.202717655099136 316.44777446158184 3.1644777446158184e+02 318.56807382522385 323.91077545162426   
96 960 0.5258959306594883 54.83177742709342 314.56774834532075 3.1456774834532075e+02 320.6006381418671 328.5180113180967   
97 970 0.5109017269431746 52.34443276260996 314.56774834532075 3.1527420141262229e+02 318.5089427759469 325.9914271108787   
98 980 0.5591702768654938 54.71997143166797 312.4956862945569 3.1249568629455689e+02 316.23832200975176 321.9220875473278   
99 990 0.5522423233335932 51.81142278995296 311.8514650815631 3.1185146508156311e+02 316.46955089549175 327.02347836144355   
100 1000 0.6452402996156431 49.65994117848849 310.6525009378605 3.1065250093786051e+02 315.10328553835825 325.5278307876359   
101 1010 0.7124670854553998 51.439630254567 310.4384214045379 3.1043842140453791e+02 313.37847353903504 322.77243131033055   
102 1020 0.7283202638804356 52.56003385148489 310.4384214045379 3.1049955303118952e+02 312.77270998066933 320.46059976653873   
103 1030 0.7399397144337749 53.141208061738105 308.43133522409914 3.0843133522409914e+02 314.2413931185831 323.64312779251327   
104 1040 0.8139870657116866 59.033222878742635 307.8662479908564 3.0786624799085638e+02 312.9782329458684 322.7665931322286   
105 1050 0.9059914690050289 61.44084047633975 306.23128730490646 3.0623128730490646e+02 310.73899425239904 329.86288463572345   
106 1060 1.0600666008236486 69.39967548145886 302.7676138672882 3.0276761386728822e+02 308.09965153602906 315.5098144855179   
107 1070 1.1048077826792255 83.6272499664074 302.59473939137354 3.0259473939137354e+02 307.64197312098736 327.53619904643097   
108 1080 1.1009889384667668 84.64562203531172 302.59473939137354 3.0376181504501665e+02 311.98534339144135 335.2596621438852   
109 1090 1.0714612170718443 89.41655659642981 301.04480492054677 3.0104480492054677e+02 308.82403776854756 322.0061698703221   
110 1100 0.9835652262192206 87.50466122104103 301.04480492054677 3.0217034843611060e+02 307.95285555229873 316.5411520955485   
111 1110 0.9102604931895263 88.995853969212 301.0239735127245 3.0102397351272452e+02 306.48830358781623 316.07986638468697   
112 1120 0.8653826693993119 86.03613141375759 301.0239735127245 3.0124850332631138e+02 305.9578475178404 311.34358294071046   
113 1130 0.8002781360143278 85.69495093462915 300.8255168603836 3.0082551686038357e+02 308.79769495969856 316.25397517606416   
114 1140 0.7944553709109949 84.09487214704907 300.8255168603836 3.0168370877021840e+02 302.68367059375913 308.1501839660935   
115 1150 0.7244991646994616 84.19505684588658 300.7058420366289 3.0070584203662889e+02 305.3039907358757 312.61192092999426   
116 1160 0.7366034765825415 83.7799441462188 300.7058420366289 3.0225278111733911e+02 304.65713453171054 312.3856757862282   
117 1170 0.6603209628202454 80.16817515507718 300.65172733603845 3.0065172733603845e+02 306.32073679579923 309.7708170539272   
118 1180 0.633883774612696 81.39719118960866 300.65172733603845 3.0067794908941329e+02 302.6971672492748 304.99917348043505   
119 1190 0.6983167529026716 82.84206109445412 299.59602299791584 2.9959602299791584e+02 301.2587658176438 304.76417332124527   
120 1200 0.7171809337814931 78.27844246404484 299.59602299791584 2.9979981980696584e+02 302.532679141636 303.71141149521526   
121 1210 0.7286810707016959 78.1153635788599 299.59602299791584 2.9965646948929805e+02 301.56209117106346 303.97918202656945   
122 1220 0.6702336407664587 77.25328844914557 299.59602299791584 3.0057660578853574e+02 301.7069247083591 305.46283629489153   
123 1230 0.5985622640096183 76.9164481130395 299.59602299791584 2.9998714612504079e+02 300.7324303635859 304.07313835068385   
124 1240 0.5247934411669484 78.96112604404506 299.59602299791584 2.9983654225754788e+02 300.79213641851754 302.52889263985406   
125 1250 0.49770995223411785 85.42536875643735 299.5849894601598 2.9958498946015982e+02 300.73513602942046 302.3320307512545   
126 1260 0.49170387755364514 83.98335205034373 299.5849894601598 2.9966018553287927e+02 300.0278133331725 301.07934883499195   
127 1270 0.4372060930282419 82.83435571166339 299.3717571702556 2.9937175717025559e+02 300.13426906932347 302.9786222335527   
128 1280 0.3850265140312022 82.6827174128038 299.3717571702556 2.9943044173162889e+02 300.2050224142098 301.04128304680137   
129 1290 0.3757693449280638 85.13181276393982 299.36154952126435 2.9936154952126435e+02 299.8888317094136 301.06056321170763   
130 1300 0.380412760809353 77.50185524662325 299.36154952126435 2.9939486217811861e+02 299.8376521141974 300.5062041296252   
131 1310 0.37536191339090197 75.32792984775229 299.29522349376384 2.9929522349376384e+02 299.86375028277354 300.106188697348   
132 1320 0.36884238400253283 79.36767400769796 299.2603962018841 2.9926039620188408e+02 299.72428299788874 300.013634368039   
133 1330 0.3699852507384795 78.30415217409127 299.2603962018841 2.9947189796778213e+02 299.59164924578874 300.15794858806515   
134 1340 0.3917428156655714 77.79970255795438 299.17030052402174 2.9917030052402174e+02 299.4221577748916 299.9089698925531   
135 1350 0.4089149969978844 80.78367932966623 299.044393340326 2.9904439334032600e+02 299.4023461864008 300.3811210728376   
136 1360 0.43597911840693304 81.69923376449908 299.044393340326 2.9908586674263449e+02 299.45152837269063 299.77853664039924   
137 1370 0.4725629500466143 84.05345851172206 299.044393340326 2.9918519694024911e+02 299.34923891887865 299.8027322469891   
138 1380 0.4727807182021199 84.85789365385891 298.9633072283224 2.9896330722832238e+02 299.705199223182 301.1194921675364   
139 1390 0.4671626153624295 85.6021190776532 298.9633072283224 2.9908551289095885e+02 299.5681603763006 300.2327167367322   
140 1400 0.4860801470899847 83.65315071138957 298.9056816369899 2.9890568163698993e+02 299.4999686470326 300.08620910658067   
141 1410 0.4867024091365977 84.53075810247331 298.88293916435845 2.9888293916435845e+02 299.1000395325475 299.88510098729046   
142 1420 0.45343737363444464 83.97976805309312 298.845504792622 2.9884550479262202e+02 299.087616002466 299.9079913650852   
143 1430 0.4385921468164748 83.47503479519365 298.7112186970347 2.9871121869703472e+02 298.92752981558033 299.62933485972366   
144 1440 0.4053607806918867 83.2875055332088 298.70401518286235 2.9870401518286235e+02 298.9845337372925 299.21073817118986   
145 1450 0.3871973041503783 84.98587622954899 298.69983682871924 2.9869983682871924e+02 298.9139765666829 299.12517018560584   
146 1460 0.348170513758887 87.396066091727 298.6672713149825 2.9866727131498249e+02 298.9081740591023 299.524248009822   
147 1470 0.33284275922632356 80.7231481836106 298.6672713149825 2.9869851987347761e+02 298.7882852614912 299.0250462966859   
148 1480 0.327511492993761 82.95557816275671 298.6337231803781 2.9863372318037813e+02 298.7804269941505 299.04746262820515   
149 1490 0.3169485164492039 82.62951175946782 298.5934422903303 2.9859344229033030e+02 298.7259705114182 298.9331024440445   
150 1500 0.3320488033110934 82.10863937914861 298.5149624867625 2.9851496248676250e+02 298.67622461325226 298.9876393384293   
151 1510 0.3350772988377962 79.52868641996871 298.50056116130213 2.9850056116130213e+02 298.63865029140345 298.7805091972996   
152 1520 0.3595433768752439 77.05950746447388 298.40186282519585 2.9840186282519585e+02 298.60602747340624 298.9334456046551   
153 1530 0.34841035108197294 75.80474292751819 298.40186282519585 2.9849546763957642e+02 298.6190771856382 298.8094876756362   
154 1540 0.3495193991763084 78.49614407831055 298.3479189503871 2.9834791895038711e+02 298.5949074011076 298.8681116203026   
155 1550 0.37195226956934807 77.98424312287185 298.27430757273487 2.9827430757273487e+02 298.5459759484489 298.78253430599216   
156 1560 0.3580487566200482 73.91797986976462 298.27430757273487 2.9831619428608110e+02 298.5180216492147 298.9062212530041   
157 1570 0.35925706444812533 75.98903973227186 298.0898384596062 2.9808983845960620e+02 298.42010491029447 298.6358703395898   
158 1580 0.38555553399645415 74.37482590154741 298.0898384596062 2.9826800977734450e+02 298.4872823610599 298.66058513338055   
159 1590 0.4012245764940492 77.39273355330174 298.08392506913526 2.9808392506913526e+02 298.4136373251923 298.60993785119706   
160 1600 0.3775850814845511 75.81795902992386 298.08392506913526 2.9818266187865891e+02 298.4383415248498 298.9312315761821   
161 1610 0.3646536894082985 72.76213427572105 298.0191726322867 2.9801917263228671e+02 298.35220096303163 298.643103779037   
162 1620 0.3372396360931126 74.72189485730823 298.0191726322867 2.9803612244880856e+02 298.3084752823535 298.4318135623889   
163 1630 0.34921600067790537 72.77306819615957 297.82294786966514 2.9782294786966514e+02 298.0061105836914 298.26619697832575   
164 1640 0.40709671479996223 77.34495400434243 297.5539549361512 2.9755395493615117e+02 297.987981795427 298.42984123157737   
165 1650 0.49369614485213237 78.70533481816831 297.45970501444117 2.9745970501444117e+02 297.9354132688421 298.20442327369165   
166 1660 0.609175674515961 79.62121820038855 297.1635530825414 2.9716355308254140e+02 297.75820737030153 298.7204267871085   
167 1670 0.735309103897499 80.30416456629892 297.1635530825414 2.9725561421408020e+02 297.8548708168998 298.43259624225635   
168 1680 0.8158512127668714 79.49425036783883 297.0095753464269 2.9700957534642691e+02 297.826265661411 298.62659630316733   
169 1690 0.9085352980500051 81.39601822506194 296.3417358645983 2.9634173586459832e+02 297.6252006250139 298.6823177944501   
170 1700 0.9447917039752439 82.1109969048508 296.3417358645983 2.9639762448673616e+02 297.8025655960569 299.0484760335197   
171 1710 1.0908685823310356 80.07218697094547 295.64521829667035 2.9564521829667035e+02 296.94581373959096 299.59314342791964   
172 1720 1.343812911107983 84.06048951934821 294.05679648336314 2.9405679648336314e+02 296.2759501224485 298.20486355953415   
173 1730 1.5070083157738945 97.26152933076528 294.05679648336314 2.9482488489490095e+02 298.50769057900465 300.725852976576   
174 1740 1.5541548110818661 97.99492558686244 293.9076380825132 2.9390763808251319e+02 298.21715633539907 306.25203008080325   
175 1750 1.4890074910577082 101.51517368612483 293.9076380825132 2.9517293625144458e+02 297.822179520506 304.92767860723427   
176 1760 1.4861388872484782 99.05325954038832 293.8526438112406 2.9385264381124063e+02 295.5499251087312 300.7495114603223   
177 1770 1.500630898579481 105.7490771190652 293.54034269968906 2.9354034269968906e+02 297.2031453179914 302.21224753217683   
178 1780 1.425397899404428 110.10122509942883 293.54034269968906 2.9373718389247819e+02 296.29573183711483 300.1155561805501   
179 1790 1.3249541144146497 115.82629743783262 293.54034269968906 2.9436113649428137e+02 297.7842680360612 304.2984125133961   
180 1800 1.1349644073898257 116.27494028477382 293.54034269968906 2.9402816225567790e+02 296.1775733829536 297.82130730955686   
181 1810 1.1214807521390082 114.44544024939503 293.54034269968906 2.9363554825572169e+02 295.4215278290804 297.1662633362641   
182 1820 1.066988011424624 107.8349137946112 293.54034269968906 2.9364979920509381e+02 294.1678158028408 297.8370105214166   
183 1830 1.0625751589778638 114.3268862403092 292.9104608169861 2.9291046081698607e+02 294.19082865916016 297.4520146028186   
184 1840 1.08396216742523 116.59129894807495 292.9104608169861 2.9347656095049297e+02 294.4809445057865 296.4381115503419   
185 1850 1.2222404064223398 119.53429731137568 292.9104608169861 2.9322471771454718e+02 294.7943150251317 296.937084041076   
186 1860 1.2071277012440733 122.7922882598057 292.9104608169861 2.9368279109690775e+02 297.79888636895964 306.74772125214   
187 1870 1.1292792044930484 118.30888329304656 292.9104608169861 2.9358612516852577e+02 295.0827204106335 295.90549706157003   
188 1880 1.0815592869034236 119.32912176753308 292.9104608169861 2.9303789914896709e+02 294.1025409296618 295.9059519710846   
189 1890 1.0244144608797718 119.39260100364986 292.84598755099853 2.9284598755099853e+02 293.76611758012416 294.88322149513937   
190 1900 0.9597943233945656 122.7378492487894 292.84598755099853 2.9320538844865587e+02 294.2000044706861 296.266456380971   
191 1910 0.8523063580573896 114.43521039643547 292.84598755099853 2.9301818666742298e+02 293.4951103921828 295.94732433465725   
192 1920 0.7627518471659668 113.94034291669755 292.84598755099853 2.9284709526772053e+02 294.0871949705522 294.85096446610606   
193 1930 0.6934256799457753 110.48453049257374 292.71178001301143 2.9271178001301143e+02 293.3268975434754 294.5123119433   
194 1940 0.5928229372912533 108.43183143729026 292.65265709468144 2.9265265709468144e+02 293.2085626402954 293.6126235761941   
195 1950 0.5698092278564856 106.80475109614709 292.6150068026275 2.9261500680262748e+02 292.84025802910537 293.88257880300205   
196 1960 0.5479907568057795 107.8171300329565 292.5542203770695 2.9255422037706950e+02 292.8724445827909 294.6201423111662   
197 1970 0.5359979853728881 106.65431303811359 292.5542203770695 2.9258170629287491e+02 292.88241445709343 293.14605608845955   
198 1980 0.49683485569549546 100.67765458696881 292.5542203770695 2.9260386791918194e+02 292.79417895386445 293.3575655877298   
199 1990 0.45148276959616385 101.12238896986031 292.5542203770695 2.9259508735957615e+02 292.72452992603604 292.87412613177696   
200 2000 0.41118367624075747 105.27262729403986 292.5542203770695 2.9256850559964198e+02 292.70761083757634 292.93982430666745   
201 2010 0.34579562098776295 96.05563130796524 292.5542203770695 2.9260617584712423e+02 292.71762991135427 292.9467684282338   
202 2020 0.3426765933905238 92.71530361179306 292.5312660808264 2.9253126608082641e+02 292.66267241731714 292.77634983843075   
203 2030 0.3419256805008078 96.27417975555032 292.48664999097554 2.9248664999097554e+02 292.5986703274872 292.7708971212142   
204 2040 0.3460676944590673 95.53432641745744 292.48664999097554 2.9250550670403129e+02 292.61696276755595 292.67789939022805   
205 2050 0.31558620549362654 92.48554163759609 292.4590061552717 2.9245900615527171e+02 292.5462822169961 292.5999419058513   
206 2060 0.29998811477532034 96.744646487418 292.4475687218975 2.9244756872189748e+02 292.52759045906 292.5932300300891   
207 2070 0.2828988986377837 98.39479341253244 292.4475687218975 2.9244936667296651e+02 292.4914940975792 292.5337854279784   
208 2080 0.28011389465112435 102.29243860845581 292.4475687218975 2.9244853956310618e+02 292.51316876653095 292.69866382985384   
209 2090 0.2744041441499173 104.14311491632542 292.4475687218975 2.9245984853724531e+02 292.5019870372903 292.53733998406466   
210 2100 0.25834991468749274 101.44079845857318 292.42473293192677 2.9242473293192677e+02 292.5074271488421 292.5694796459152   
211 2110 0.25273807517504565 99.2663501785912 292.42196973356977 2.9242196973356977e+02 292.46853231328134 292.5090471702003   
212 2120 0.2216141312206156 97.80021011094995 292.42196973356977 2.9244838065549243e+02 292.4688176598237 292.4928695941236   
213 2130 0.2036475271655007 96.21687466627083 292.42196973356977 2.9242907018282625e+02 292.4768767361169 292.5074666412542   
214 2140 0.20361613074741394 94.21675879156963 292.42196973356977 2.9243329801405190e+02 292.45314333808847 292.45841109502067   
215 2150 0.2068173859094103 98.68234869803543 292.42196973356977 2.9242529586797843e+02 292.44815037183685 292.48491214589853   
216 2160 0.20487645026500106 92.27769498762285 292.42196973356977 2.9242662898742083e+02 292.4574048938258 292.4775825432953   
217 2170 0.19258913321082696 96.51776536435077 292.4181699741344 2.9241816997413440e+02 292.44834006446314 292.4740151874831   
218 2180 0.17811003872818934 94.81100701894361 292.4105278732403 2.9241052787324031e+02 292.43252941352773 292.4649555895287   
219 2190 0.19394327040490097 95.82041536036229 292.40851612159554 2.9240851612159554e+02 292.4223043054467 292.43144606193704   
220 2200 0.18721697991882938 92.93538195796239 292.40613196533377 2.9240613196533377e+02 292.41553265128425 292.4598719472026   
221 2210 0.17488660393066086 93.07646861946736 292.40613196533377 2.9240961616292861e+02 292.41757626565135 292.45340151275   
222 2220 0.1758971895407682 97.45222001582422 292.40613196533377 2.9241508372591045e+02 292.4209783652167 292.4597749667438   
223 2230 0.17009695964733185 105.14435411769993 292.40613196533377 2.9241535543879883e+02 292.425325077881 292.4349825239841   
224 2240 0.1582805675953827 103.59179101938602 292.40567919843426 2.9240567919843426e+02 292.4129666889883 292.4483385464897   
225 2250 0.15045631219967498 102.67540303581688 292.40567919843426 2.9240866203286259e+02 292.4158260215678 292.44187534850937   
226 2260 0.13105522058896396 100.80938204941558 292.40341005813224 2.9240341005813224e+02 292.4124586656542 292.4318274081036   
227 2270 0.1161151907314627 98.16382939968916 292.40341005813224 2.9240417193342603e+02 292.4123907072566 292.4210264347804   
228 2280 0.11152605378448009 101.72180320995291 292.40341005813224 2.9240398864960900e+02 292.4073799831235 292.4175581331646   
229 2290 0.09932708953645747 102.43395834869114 292.4032272675951 2.9240322726759513e+02 292.40754714371496 292.4219584452775   
230 2300 0.08574559128327748 99.87782237119504 292.40277916668447 2.9240277916668447e+02 292.40759529735794 292.4150791388281   
231 2310 0.08445412563180635 99.66945453463575 292.4025936463996 2.9240259364639962e+02 292.4054409282924 292.40984347477195   
232 2320 0.07922975709723638 95.79330794269785 292.4025936463996 2.9240270377380580e+02 292.40367502354036 292.40525956898864   
233 2330 0.0768124715620561 100.2554717734239 292.4022274886195 2.9240222748861947e+02 292.40352929520077 292.40817468473017   
234 2340 0.06715609660772529 106.94682566554565 292.4022129402425 2.9240221294024252e+02 292.40384394271507 292.405149351208   
235 2350 0.060507243335151624 111.0162942463043 292.4018453267858 2.9240184532678580e+02 292.4038327927213 292.4046947942461   
236 2360 0.05392694513709367 111.36499719343472 292.40161069086923 2.9240161069086923e+02 292.4027003074551 292.4053460276431   
237 2370 0.04822825019797099 110.2185255945466 292.40161069086923 2.9240165632162621e+02 292.4027073786301 292.40429448355667   
238 2380 0.04374444327991782 113.36254738799762 292.40149858408745 2.9240149858408745e+02 292.40264266263085 292.40358725732403   
239 2390 0.04403067815022595 115.5906781694902 292.40146539989894 2.9240146539989894e+02 292.4016957886546 292.4023709613036   
240 2400 0.04234643969739784 110.2619687360581 292.4010809515127 2.9240108095151271e+02 292.401783994751 292.40251028444146   
241 2410 0.04509910184330424 107.72106171607753 292.40105602835354 2.9240105602835354e+02 292.4014537902134 292.4018076333996   
242 2420 0.04432643076512894 108.33226923750433 292.4010525897937 2.9240105258979372e+02 292.4014074964689 292.401654157138   
243 2430 0.041601217282770137 112.60743933970866 292.40104384013 2.9240104384013000e+02 292.40137937305303 292.40194976120483   
244 2440 0.04223339030058913 114.947093592128 292.4010132459062 2.9240101324590620e+02 292.4011524394333 292.4013900877616   
245 2450 0.03745917442877588 111.94503618759528 292.40094125132055 2.9240094125132055e+02 292.4013202750898 292.4014873132807   
246 2460 0.03362668404958948 110.66494738371962 292.40094125132055 2.9240098136825441e+02 292.40121602024794 292.40143216162073   
247 2470 0.02992171172693977 112.84213032579721 292.40094125132055 2.9240098881048453e+02 292.4011462461321 292.4012098872032   
248 2480 0.025701978194805093 110.4180703474745 292.40094125132055 2.9240094829588901e+02 292.40108387607273 292.4015585334401   
249 2490 0.024699637190058393 110.98420323147033 292.40094125132055 2.9240095416725785e+02 292.4010582251573 292.4011902751538   
250 2500 0.022553229916419358 110.09756726054749 292.40094125132055 2.9240096681183866e+02 292.40110110132673 292.40118260071046   
251 2510 0.02046439253441669 107.48597943240722 292.4009408432735 2.9240094084327347e+02 292.4010653595084 292.4012485623899   
252 2520 0.019288736519153735 106.98992655259833 292.4009391553594 2.9240093915535942e+02 292.4009650842051 292.40108286790013   
253 2530 0.019224385912172594 109.19503406760036 292.4009391553594 2.9240094415362239e+02 292.40097338407696 292.40108939237575   
254 2540 0.01900250678864275 107.05447512880515 292.4009391553594 2.9240094447290187e+02 292.401057389289 292.4011298074148   
255 2550 0.018585464066701713 108.52175415678451 292.4009281540742 2.9240092815407422e+02 292.40095923269195 292.40103659420834   
256 2560 0.016915026186057135 104.90263977625597 292.4009243989741 2.9240092439897410e+02 292.4009616279269 292.4010201937992   
257 2570 0.014155927565891995 108.84382443499 292.4009152426278 2.9240091524262778e+02 292.4009433314755 292.4010086813737   
258 2580 0.013550259399508243 107.53835247406644 292.40090634107025 2.9240090634107025e+02 292.40093517706407 292.4009655657533   
259 2590 0.012229804145638776 109.27742077923112 292.4009008816714 2.9240090088167142e+02 292.4009299025051 292.4009619081936   
260 2600 0.01123641413811325 113.08764893456429 292.4009008816714 2.9240090106173761e+02 292.40091618771635 292.40094072971743   
261 2610 0.009992418977809683 113.19853615703703 292.40089269420696 2.9240089269420696e+02 292.4009199611333 292.4009543267432   
262 2620 0.0091691877853809 117.16598200253149 292.40089269420696 2.9240089850404581e+02 292.4009049378474 292.40092280515324   
263 2630 0.00847228140659373 114.87247493765612 292.40089204905917 2.9240089204905917e+02 292.4009031132434 292.40090858263477   
264 2640 0.008145158486900516 112.88599017029705 292.4008897511146 2.9240088975111462e+02 292.40089840298765 292.4009105751774   
265 2650 0.008170950211051317 114.28363651606342 292.4008897511146 2.9240088998394538e+02 292.4008973124777 292.4009045743627   
266 2660 0.007990890117473816 113.3946133442626 292.40088765989174 2.9240088765989174e+02 292.40089299886864 292.40090814496983   
267 2670 0.007311491475805657 121.90648769386742 292.4008869952553 2.9240088699525529e+02 292.4008937342621 292.4009049793138   
268 2680 0.006716946529874311 122.85634030449641 292.4008869952553 2.9240088859472644e+02 292.4008934515338 292.40090013336413   
269 2690 0.006111845139811523 127.8794878018108 292.4008869952553 2.9240088772722652e+02 292.40089103957024 292.4008969511188   
270 2700 0.00529978713903048 138.13072600010366 292.40088546404223 2.9240088546404223e+02 292.400890103796 292.4008924504232   
271 2710 0.005025277775180439 142.1249634997108 292.40088546404223 2.9240088559360788e+02 292.4008888347553 292.40089119914364   
272 2720 0.004676385231150253 139.4671536118604 292.4008850150908 2.9240088501509081e+02 292.40088756467094 292.4008916703099   
273 2730 0.004362968263634479 140.57561148015932 292.4008850150908 2.9240088585884638e+02 292.40088709611916 292.40088971153426   
274 2740 0.003900154180133734 144.00101830789728 292.4008850150908 2.9240088505127778e+02 292.4008868176336 292.40088815659874   
275 2750 0.0034610284541815458 144.69965747600327 292.4008847274111 2.9240088472741110e+02 292.40088560738917 292.4008888947891   
276 2760 0.0032480168120757576 147.29249344858545 292.4008847274111 2.9240088478122499e+02 292.400885523036 292.40088711476784   
277 2770 0.002873523348327803 151.24061437059 292.4008847274111 2.9240088489684274e+02 292.40088525035844 292.40088621363344   
278 2780 0.002676073583623395 149.7174941388948 292.4008847274111 2.9240088489524260e+02 292.4008854284783 292.4008859044787   
279 2790 0.002516548970833101 148.23298061810073 292.4008847274111 2.9240088493264363e+02 292.40088591135066 292.40088623595847   
280 2800 0.002381312923422149 151.10607008914295 292.4008847274111 2.9240088505155620e+02 292.40088555764174 292.40088715587143   
281 2810 0.002142375784995089 152.8701511118663 292.4008845647003 2.9240088456470028e+02 292.40088556931596 292.4008862759597   
282 2820 0.0021673422374242825 152.36929494593917 292.4008845647003 2.9240088470447495e+02 292.4008849707797 292.40088577903384   
283 2830 0.0020000409979072055 147.18899214564468 292.4008845228774 2.9240088452287739e+02 292.400884876893 292.4008850352232   
284 2840 0.0019420051869876915 148.12510175498338 292.4008844681752 2.9240088446817521e+02 292.4008847764195 292.4008850830526   
285 2850 0.001881328626657536 141.0648861187325 292.4008844681752 2.9240088456153131e+02 292.40088482442445 292.400885083241   
286 2860 0.001704252207626992 138.87140770667364 292.4008844681752 2.9240088456403680e+02 292.40088470406255 292.40088518041534   
287 2870 0.0015123846753650166 140.26050530476718 292.4008844681752 2.9240088451963896e+02 292.40088463272156 292.4008851035401   
288 2880 0.0013986932180328352 137.2673529809729 292.4008844269889 2.9240088442698891e+02 292.4008846114454 292.4008846834728   
289 2890 0.0013885009165470262 129.30067111417804 292.40088440176396 2.9240088440176396e+02 292.40088458904114 292.4008849353029   
290 2900 0.001395574791509193 118.69161058279619 292.400884384836 2.9240088438483599e+02 292.4008844450632 292.40088464227364   
291 2910 0.0014606911883833554 116.11478298781623 292.400884384836 2.9240088439082109e+02 292.4008844598031 292.4008844915145   
292 2920 0.001399639155992883 115.53449839820898 292.40088437783845 2.9240088437783845e+02 292.40088447476523 292.40088468524687   
293 2930 0.0013389169510776592 114.09461149944701 292.40088437783845 2.9240088438355338e+02 292.40088453648696 292.4008846787626   
294 2940 0.0012271587289479676 114.0530508523337 292.4008843753414 2.9240088437534138e+02 292.40088448952974 292.40088460548805   
295 2950 0.0011380203379007024 111.01191280442211 292.4008843753414 2.9240088439474295e+02 292.4008844247744 292.4008846371664   
296 2960 0.0010675273788129326 107.48053068573164 292.40088437356974 2.9240088437356974e+02 292.40088443951026 292.40088451703264   
