% # columns="iteration, evaluation, sigma, void, void,  stds==sigma*sqrt(diag(C))", seed=465285, Mon Apr 20 10:59:20 2020, <python>{}</python>
1 10 0.45360158084147123 0 0 0.44332502771519217 0.4465087113115405 0.45147200598502135 0.444304598277502 0.4633902913442739 0.451354731366737 0.43723392889146906 0.4513173134774631
2 20 0.46493332381192265 0 0 0.45777392174339226 0.46017995706621445 0.4585883692746136 0.4507698142221922 0.5176269911763532 0.45072880511153646 0.4273115025062084 0.43953602451027857
3 30 0.49820685624804595 0 0 0.5115134359559554 0.5126315558000848 0.4682810540124778 0.5118154872562527 0.5403686151137654 0.48064684704801386 0.45680536933300875 0.4598679682396203
4 40 0.46724116800268817 0 0 0.4793528055926424 0.4820603036829465 0.4256700711662785 0.46207231051622144 0.5150545468245353 0.44810560340821737 0.41529689594204344 0.4241385464717413
5 50 0.44059113806624056 0 0 0.45764023051430885 0.45616067294983914 0.3718787053049141 0.4346638621301073 0.4710853336201062 0.42950702398288815 0.4043721637321613 0.39204894358657544
6 60 0.412355622730927 0 0 0.43490075367347064 0.4253190792480929 0.3614803333351002 0.3965960509395296 0.44255800672677853 0.4118541732622143 0.36777504653652604 0.35961046980523387
7 70 0.38746740931800383 0 0 0.40298579615291974 0.40064309880760585 0.33313185927376454 0.3648690481607532 0.4254411700264451 0.39014050545942996 0.34751588009133033 0.32635598651124453
8 80 0.3654295939957235 0 0 0.37953715559530243 0.3633469724282115 0.29504305449659574 0.3426633288460506 0.3963140682557113 0.36881202638081845 0.33672896700544863 0.3031832681437063
9 90 0.3478137632167861 0 0 0.37523350972678704 0.3408274046665067 0.27706290691737495 0.32041680406760353 0.3751128499383539 0.3536956404506596 0.31177154947273183 0.2773977340513537
10 100 0.36624621712764804 0 0 0.3800072653574792 0.3794737019077412 0.28775869230430356 0.33943545119977897 0.3964975875913622 0.38033943746251764 0.31906736126378793 0.28892271382645635
11 110 0.3309084920540218 0 0 0.34301919757643834 0.3471931012097571 0.24858362348246285 0.297938913578577 0.3620719542561528 0.35124207317355755 0.2762175557462802 0.2522755695965751
12 120 0.31128182946053207 0 0 0.33536184957701 0.32305882463030977 0.22790455979224414 0.2767448934881874 0.3456851472105864 0.34149671808419063 0.2504152732176875 0.22991696983552534
13 130 0.30396593382359954 0 0 0.3294699083339706 0.3078409204223403 0.22010961260244832 0.2684464583785047 0.34187668876696126 0.3349545839524604 0.23554308941007351 0.22109225330170235
14 140 0.2855063272083667 0 0 0.3003664922208956 0.28067084570145967 0.20764416994055918 0.23650938800093357 0.32723648153674745 0.3178817480102793 0.21491448793356974 0.20563095644198456
15 150 0.2524118999914464 0 0 0.264562575685835 0.2469688028034841 0.1896741113077804 0.21030256389086266 0.28782500072790296 0.27822419903268497 0.1830977752331781 0.17196281145222353
16 160 0.24064702592740425 0 0 0.2464697957224471 0.23445470967639326 0.18562826031991045 0.1954499014751757 0.28495159051506214 0.26374494449387026 0.16430893837845156 0.1548400399595074
17 170 0.23546084090618263 0 0 0.24567422712379922 0.22738357556398064 0.19114716879806398 0.18972597853448286 0.28194718503864546 0.2532054417137723 0.15484329958173546 0.1446080280158709
18 180 0.23056681649157565 0 0 0.24818623166090095 0.21011528974675867 0.1842542308417463 0.18535492876690915 0.2779696133988968 0.2551950222645779 0.14481622240557368 0.14166874627632806
19 190 0.23521002637938931 0 0 0.2710426936477726 0.2128581185994306 0.18786793184175943 0.19148381995117952 0.27978165383554177 0.25359279783302174 0.14210338871369968 0.14356264606980315
20 200 0.24563209476302947 0 0 0.2936646341672662 0.2445075671770812 0.19801646090261907 0.20576989670233017 0.2961778458385127 0.2642210702052027 0.13913790060004666 0.14578805069069312
21 210 0.259023335609828 0 0 0.33870828642621437 0.2624459303400717 0.208402936518607 0.2104942557922746 0.3127049076013582 0.27098158587298543 0.1387401086390814 0.15143519946797462
22 220 0.23914317511787442 0 0 0.3247335632146867 0.24300951911160354 0.19286172118451972 0.1945025362020588 0.291851485225909 0.24823665020195199 0.1196353482753606 0.1350632916389345
23 230 0.23198615153500982 0 0 0.31558012854890616 0.2456340153706392 0.18064940511173377 0.18669420164824158 0.2701616406550558 0.23873182776168458 0.11353503842221471 0.12913702435873486
24 240 0.21314425720642674 0 0 0.2904167324109284 0.22493021598272203 0.15711405927623018 0.17297625306081474 0.24648229367652918 0.22010987940608634 0.10332479554027027 0.11536633836288998
25 250 0.19669856663958088 0 0 0.2679870969962781 0.21114375578289438 0.14024353882068444 0.15657024938639438 0.22337624346236082 0.20311864213974984 0.09445330056863528 0.10510945554914315
26 260 0.17922254566094167 0 0 0.24431745514430744 0.19354518416393246 0.12647618619000967 0.1398542185235159 0.20304532557716204 0.18454110097759988 0.08038526437721462 0.09498716166005032
27 270 0.1595571326661712 0 0 0.21395344890498463 0.16828227029003728 0.10636521317711435 0.12349472068836477 0.18097772683277522 0.15900372817485173 0.07130730742951202 0.08321958178756268
28 280 0.14277193854132167 0 0 0.19031834710522483 0.14948847756760894 0.09360847039705078 0.10890475296210328 0.1614973185967671 0.14660268079229405 0.061316248445601115 0.07150187348085994
29 290 0.13503538683013866 0 0 0.17973206531626099 0.14915853337859347 0.08564897186978784 0.10782583179297324 0.15209995963391015 0.13922986239689336 0.056898625993450955 0.06549998115198978
30 300 0.12989790328715742 0 0 0.17628356857547844 0.1406503519886635 0.08022365752238234 0.10403609246478909 0.1459114309098886 0.13306863452096282 0.052437582515223666 0.06165825377195563
31 310 0.12776202718543106 0 0 0.1722295549358635 0.1389748295340978 0.07422773260791282 0.10782417792690542 0.14673647535835732 0.12754655989569902 0.05110865354113943 0.05930390718616827
32 320 0.11582541961582193 0 0 0.15537425371234917 0.12414562725992469 0.063550762387367 0.09880344074670797 0.13154307140717056 0.11134354161763756 0.045725794580540345 0.05294361647476547
33 330 0.10663268791832184 0 0 0.14129146299452713 0.1125921583493382 0.05707091025492995 0.0874001446255415 0.11892673310206202 0.10299296259033379 0.04119128149681662 0.04840440575832731
34 340 0.11221015257576267 0 0 0.15128583184932792 0.11757170276867009 0.05618235633959191 0.09638995782592696 0.129658893447828 0.11606728162935187 0.04039462421364165 0.04973234926345133
35 350 0.10204712344740761 0 0 0.13539655638132592 0.10786210208346911 0.0456924800773003 0.08838905059928703 0.11844016679773126 0.10647656478488858 0.035931285331101744 0.04421662240455387
36 360 0.09171914144484904 0 0 0.12254014098006853 0.09617893918432964 0.03889386495374581 0.07923447201707759 0.10913920564465616 0.09539211428224888 0.03184728477473495 0.0369314188223635
37 370 0.08597516052917846 0 0 0.11264402114109337 0.0883596679115194 0.03585644030691219 0.07039729950266228 0.1025508377259634 0.08959305960715082 0.029218975229465764 0.03362685254669883
38 380 0.07503021285907671 0 0 0.09772618048966862 0.07382513527467822 0.02994440990884451 0.05905451200522984 0.0911213886415102 0.07666716713188439 0.025126768952636016 0.02815578399263155
39 390 0.0717488309982374 0 0 0.09345331355757683 0.07097856544162381 0.02664963871127186 0.05647843012916493 0.0864698624211782 0.0732306631239548 0.023626891505259203 0.027030729937062035
40 400 0.07282814585981434 0 0 0.09501154026870494 0.07100641185229617 0.0252058418446768 0.05661365963446621 0.08959052581789531 0.07504138534667111 0.023375881976882194 0.02750024155955686
41 410 0.08035519794359564 0 0 0.10261694233663181 0.078251185781267 0.02678070674725704 0.059000004216156414 0.10590143978510498 0.086634918279303 0.02532301104758443 0.030934070998098986
42 420 0.07927289376704898 0 0 0.10139492864971394 0.07699429876646752 0.025798991354487724 0.05812078742089904 0.10511877170522249 0.0849354056594315 0.024554886467680167 0.030559363607085926
43 430 0.08098127689379148 0 0 0.10439616163503208 0.08062613083520803 0.0255312795757175 0.058715881035763515 0.11029682489738987 0.08550532970628098 0.02317955863956549 0.031096840911403818
44 440 0.08166174868331409 0 0 0.10495522263562913 0.08261192155652551 0.02431451853647678 0.05887843855805927 0.11666025058597161 0.08569963447540715 0.022300419703340783 0.029990073021008482
45 450 0.08327032766018788 0 0 0.10521439431251267 0.0838253121879561 0.024816747037339118 0.059527403179527996 0.12399958115305558 0.0873386999032593 0.021603921791551208 0.030463672288446788
46 460 0.10236041498060368 0 0 0.1330499219906792 0.10132156928254225 0.030112315936403573 0.07134148008477992 0.1661855492423517 0.11058981663237824 0.02588612829613798 0.037924470796882784
47 470 0.11172196873133314 0 0 0.14724098307760153 0.11005655789783685 0.030172207222324426 0.07686975187525992 0.18058367300104886 0.11703689372182666 0.028542006155474704 0.041220607921506836
48 480 0.1158643136677156 0 0 0.14883266429936232 0.11139162584726824 0.03195363498995608 0.08038102534105321 0.186754280389177 0.12222211308671 0.02880424257130852 0.040299658671081276
49 490 0.11142720578789181 0 0 0.14636404981433643 0.10981888291436036 0.02909844982235369 0.07922038877755738 0.183452581399904 0.11955950945237573 0.02755794888246696 0.03805921119396718
50 500 0.10770052472940787 0 0 0.13940179874564784 0.10482970352492421 0.02687226876151896 0.07680251662374474 0.18045191068073008 0.11610072071663487 0.02571092578808166 0.036152204311759334
51 510 0.10615133169297741 0 0 0.1348792952004009 0.09986840257183358 0.026227366911255105 0.07557641942711216 0.17771053120413113 0.11329071916417295 0.025126607282569 0.03436346860932379
52 520 0.10647559304529143 0 0 0.13589377283328713 0.09864135469641674 0.025318308350143568 0.07406369824990487 0.18854944468672521 0.11090241907977821 0.025504757689232844 0.03307616321956423
53 530 0.109641742670362 0 0 0.1424917024087318 0.10485035409032087 0.025611224644960368 0.07456401357030232 0.20073809398216275 0.11447276447462522 0.025470531225979608 0.0338329978379374
54 540 0.110857289313014 0 0 0.14609507511677158 0.10646816813343109 0.023888365438761473 0.07492947915879067 0.2067911223490642 0.11452763155326816 0.025314155054157877 0.03320715718279867
55 550 0.0998111882737691 0 0 0.12980413132585555 0.09387021327807892 0.020971825743676883 0.0665581799517508 0.1817750419755676 0.10219419869134391 0.022452465969887817 0.028054178348022464
56 560 0.08794682579699024 0 0 0.11403913123495578 0.08279726148717216 0.018332741398913444 0.05913585096344412 0.15555053104042876 0.08879003909884811 0.017522952595636507 0.024477794059939523
57 570 0.0809855534626547 0 0 0.10296679746401773 0.07654890793333768 0.016727393008600704 0.05150620350672617 0.1438913006159277 0.0805883493141761 0.016209800912744852 0.02249322535005572
58 580 0.08410586050063658 0 0 0.10582533609630036 0.07781405363666487 0.01784514589996869 0.053383014767144216 0.15630816905669745 0.0868532558611384 0.016108418945187334 0.02280467905174661
59 590 0.07862919755616296 0 0 0.10082946758006965 0.07246557101963372 0.015000257836956127 0.04955384421159462 0.14512467964167913 0.08118084019562306 0.014935429604592702 0.021041903274655223
60 600 0.07403362868841017 0 0 0.09715468406064552 0.068594136775424 0.013879302778771958 0.047797600527837505 0.1285139495568573 0.07500326485224551 0.013583327870444303 0.020146264224998708
61 610 0.07177512860500812 0 0 0.09134848208313097 0.06547151907082732 0.012910390222551263 0.046366295150161885 0.12064175877025907 0.07113915766015877 0.013590209194412013 0.019203503407501547
62 620 0.07009831268024538 0 0 0.08827947207738952 0.06349091124845033 0.01184304559045175 0.04419049632910205 0.12282503947470988 0.07327750780426345 0.012727583131408192 0.018726787165964463
63 630 0.07498409261293729 0 0 0.09269681792552474 0.06502497763280145 0.012482128992504185 0.04772920118415591 0.137869578344229 0.08152504499534123 0.013205478283119455 0.020529711615924467
64 640 0.08948052043556763 0 0 0.10947570316020228 0.07706512363656862 0.014656724469474261 0.05369170656614492 0.17406759383495116 0.09896837091628807 0.01596610489902754 0.024767950905250413
65 650 0.10510408509591758 0 0 0.12963850110503608 0.09257048127530085 0.017235245778093305 0.06295991619569206 0.20027319929349383 0.11182007126538704 0.018271489883614187 0.027963171201208347
66 660 0.12154420667959422 0 0 0.14568253565391145 0.10617752624888767 0.019881124553336467 0.07359875198026825 0.2434890267562193 0.13342777722461632 0.021046235365315084 0.030783616563438573
67 670 0.1368747404435698 0 0 0.17061474049890796 0.1172057507350793 0.022264480883349005 0.07933736901718616 0.2840716986866062 0.16220113562425195 0.023525886350083815 0.035254771235732604
68 680 0.14576377516751016 0 0 0.1814091171403789 0.12323523164441649 0.02266067956219397 0.08324176727978103 0.32031470026051184 0.179469417195451 0.02453847615904981 0.0371760634089913
69 690 0.17155477555207851 0 0 0.2144782087661552 0.14063773565265614 0.026060847297224285 0.09924577946224068 0.42732709095950744 0.2133431660064904 0.02867562913823129 0.04388624208650732
70 700 0.20260979462181353 0 0 0.25057533523069414 0.16566661883191813 0.029260049848518287 0.11680413409368845 0.5360083969063564 0.26154586611593095 0.03355325229629014 0.05130810285723756
71 710 0.2380663957188774 0 0 0.29001468574696765 0.1933334623451482 0.03278789024077496 0.13459678730544822 0.6820719557220561 0.3129334567990306 0.03877523403925687 0.06026587264838653
72 720 0.29377537966721157 0 0 0.354871359700391 0.24559535753129064 0.040284055061579685 0.1594046091297073 0.8844115455690639 0.39842674454690435 0.04664262404186119 0.07349607631350955
73 730 0.3133544201455726 0 0 0.368914813587107 0.2606100098085203 0.042589993004477585 0.1638534726620738 0.9461241160386897 0.42150583259215624 0.04936673738541164 0.0743203847457213
74 740 0.3412444142727494 0 0 0.40088043523418215 0.27910976922871594 0.04495825093241815 0.1803164147476955 1.034730908729131 0.45427965931977576 0.05398821108240329 0.07806944872265993
75 750 0.3107511582083723 0 0 0.3528713406145996 0.2499666982610826 0.04020545841991761 0.15916342095674907 0.9143805782185657 0.4081172723556912 0.04883091556001661 0.07156879742218339
76 760 0.28937587698061434 0 0 0.334403741999352 0.230835630303727 0.037397205812130054 0.1353994514341137 0.8459663719803907 0.37488073786058423 0.04521689383725751 0.06620646440475972
77 770 0.2702075436506454 0 0 0.29892460868872567 0.21492196919064036 0.034705353484678875 0.1250702271513106 0.7844989725925154 0.34507839869277857 0.040362341345286844 0.06065492522346642
78 780 0.2934516696384557 0 0 0.31961735644686673 0.22142971995203878 0.03695927087047691 0.13026220107112813 0.9713065107236948 0.3931153434550154 0.04373492285773852 0.06496916848869216
79 790 0.3080533307224239 0 0 0.3312985401548333 0.22679362204403766 0.03902009144999697 0.1318640027728003 1.0462095395107311 0.4234727629583694 0.04401577568133344 0.07110955727077932
80 800 0.3192714268803617 0 0 0.36948055573481015 0.23263636303907914 0.03942737308935902 0.13147940460609803 1.1281814876607328 0.46108136815361056 0.04438020770135402 0.07207270378691553
81 810 0.319571051677075 0 0 0.3675752038056865 0.22956018715360324 0.03927795953179138 0.12847690143550428 1.1419341266633913 0.4831869672385914 0.044168255386000346 0.06970070693288814
82 820 0.33310258605287685 0 0 0.3792643895091464 0.24190043828030575 0.04034479920130323 0.13205053141798598 1.2507765249066976 0.5198029685468523 0.047199124638590155 0.07060691378135492
83 830 0.38703196770355214 0 0 0.45083473049307893 0.27435449600162864 0.04686343318989532 0.15519264338980326 1.5945316470417383 0.7128643490444772 0.053487026733768754 0.0825325333357008
84 840 0.3735002842239567 0 0 0.4406729920153163 0.26280992363205663 0.04388886692825077 0.14300688523391983 1.555740152951841 0.6982992058188862 0.05002630650787687 0.07627575347499108
85 850 0.3608041455458872 0 0 0.4307275415504019 0.25031898146035897 0.04173319081455807 0.13396613529786316 1.489761394799972 0.6886129924772486 0.048149101118084715 0.07135258709862158
86 860 0.37124455786772875 0 0 0.4369555532725153 0.25517974630481366 0.04158803201414233 0.13005214040599208 1.6117265208859022 0.6876914446054984 0.04923032064270164 0.07256777739578786
87 870 0.38018041522833285 0 0 0.4454073530254812 0.26285228261165633 0.042105150035069684 0.12909592816451299 1.6481020825764108 0.6930217209374573 0.049756128832405946 0.0742957888093638
88 880 0.429394504329652 0 0 0.5681522471355323 0.2913589165092234 0.04647547102111713 0.14741651648663612 1.8459991757684124 0.7744847423745485 0.055296853693485595 0.08267925876518054
89 890 0.4677750466577996 0 0 0.6647963311260626 0.3187041189118041 0.050478138364262355 0.1589703096817115 2.0405352521807414 0.8697483855369461 0.059126226751648345 0.09064696655119385
90 900 0.4414596951620167 0 0 0.63879603104325 0.3085058681062234 0.045629493930162246 0.14604363001539503 1.894156509528161 0.811003932229189 0.055521355411860734 0.09169237587196263
91 910 0.4737119672557315 0 0 0.7733305139090191 0.32310370823219237 0.048641674616458956 0.15752661996333547 1.989804694757331 0.8760098520648958 0.059871195563559694 0.10303085251177478
92 920 0.44576799459821115 0 0 0.7195538421894236 0.3005545306336438 0.04528742967705865 0.14578554572842264 1.818641324896146 0.8165042436125545 0.05565340488282745 0.09909158802167949
93 930 0.45985255818694715 0 0 0.7983688819911192 0.29750713822813313 0.04571414599358335 0.1480464222505232 1.8751732855359187 0.8604617730949975 0.051662736586323386 0.10554612109910426
94 940 0.49160190568975576 0 0 0.9072898000075463 0.3301332403900131 0.04847061345853206 0.15165210167310564 1.989667408192035 0.9241680313008611 0.05249680887124376 0.1151541132316781
95 950 0.5201209333546598 0 0 0.9788490308973931 0.34245964082536223 0.04966603429427584 0.1518664090461206 2.049744320451278 0.9539678213631746 0.0552963375728269 0.11824607121397743
96 960 0.5258959306594883 0 0 1.0104767956491993 0.3465743763599446 0.05084141279854158 0.1475768232007452 1.9500321543673969 0.9321736623359188 0.05529327352249974 0.11804519576069492
97 970 0.5109017269431746 0 0 0.9701189820310104 0.34279056816247105 0.04932894771815321 0.14385073628387093 1.8709355989144045 0.9035327828331687 0.052617686714701704 0.11131705867606162
98 980 0.5591702768654938 0 0 1.0945036230611553 0.38180271281932265 0.05462784371633656 0.1543689382381241 1.923247105894461 0.9461408587635509 0.056972207849055795 0.11764680492880293
99 990 0.5522423233335932 0 0 1.1150690214084922 0.37325174680554596 0.05272071563120063 0.14964293803019443 1.8088447700750694 0.9221207917310192 0.05214429269623716 0.11452038594226198
100 1000 0.6452402996156431 0 0 1.5175943965370249 0.4347339237756449 0.06587542372430154 0.16921163653503557 2.091721202365269 1.0911551988748023 0.05857627910860214 0.1336053554756362
101 1010 0.7124670854553998 0 0 1.7223134482370037 0.4604234751859844 0.07279074278831389 0.18854855207167262 2.3151576553585373 1.2001159321417536 0.06470458447791712 0.14808327353105036
102 1020 0.7283202638804356 0 0 1.7812190001247141 0.46432503898466937 0.0730410693366815 0.19185240942484127 2.348970564642109 1.1882102101106469 0.06526318118217556 0.15166779386880067
103 1030 0.7399397144337749 0 0 1.8746882123570863 0.48763466725616755 0.07131052660302582 0.1870540066024576 2.464498940979958 1.274710093839477 0.0631877311215587 0.1584912020241351
104 1040 0.8139870657116866 0 0 2.2518568334551454 0.5762729280465599 0.07924815974661177 0.2046262995068262 2.5275423450539782 1.5002047129950058 0.0680546986143504 0.17310246072872154
105 1050 0.9059914690050289 0 0 2.6370227867317957 0.6907081701873132 0.09064923925342457 0.24281506633169064 2.887493963332802 1.840609544632871 0.07210039000141095 0.19330315420500557
106 1060 1.0600666008236486 0 0 3.5805891814393274 0.8041563745898945 0.10675245818165283 0.29117166300251635 3.685839880832543 2.550091698492097 0.08240979731844354 0.23655731822693082
107 1070 1.1048077826792255 0 0 3.8452949917199755 0.8259861322376244 0.11151950488526843 0.2986195121808944 3.846432732848735 2.726057624420118 0.08593264067786976 0.244120806827744
108 1080 1.1009889384667668 0 0 3.975237205768456 0.8500682248520892 0.10945409784673364 0.29377069077928203 3.767168102794291 2.7427505866024777 0.08130186212157677 0.2384558087101575
109 1090 1.0714612170718443 0 0 3.7804324069262725 0.8456290906903129 0.10596713280344534 0.28767206863334144 3.4393211723111823 2.5683592233977044 0.07699080498667527 0.22184195804338486
110 1100 0.9835652262192206 0 0 3.360490798460631 0.7500433763671709 0.09880667283685321 0.26557029753873906 3.1190488202561943 2.3134635780670867 0.06644697763206354 0.20197919397043165
111 1110 0.9102604931895263 0 0 3.0184761648953824 0.7005990361266102 0.09030549525796325 0.24974561218582395 2.7176304503772544 2.051868117028628 0.05987200677231459 0.18553214362542111
112 1120 0.8653826693993119 0 0 2.8216615762012296 0.6688643566212431 0.08556087516066355 0.2406017872692712 2.5261227421103833 1.9132967507828693 0.0567191702051108 0.16988909566528204
113 1130 0.8002781360143278 0 0 2.5296102540547603 0.608527981849937 0.0792605759535391 0.2230259653432114 2.3216371926674455 1.7180371705016744 0.05188064879469052 0.15121292698754396
114 1140 0.7944553709109949 0 0 2.4793833642689616 0.5932067603275764 0.07767334928058542 0.22101829742757756 2.3310286886640736 1.7073263965021084 0.051385115938116545 0.1551223694914881
115 1150 0.7244991646994616 0 0 2.244097593159048 0.5452160703762334 0.06560095917714495 0.20259914890890618 2.1033981615973847 1.5427038575934249 0.04552326945956634 0.13908821190314546
116 1160 0.7366034765825415 0 0 2.1376850233219584 0.5531481114250681 0.06439683742608977 0.20146244512637118 2.0935480747553346 1.4982185094821274 0.04644516202691164 0.14397720450743812
117 1170 0.6603209628202454 0 0 1.911054884526199 0.4978081562369786 0.057162558005316846 0.17705759117815145 1.867017048579141 1.3267428923546505 0.041796141956263945 0.12515349961982836
118 1180 0.633883774612696 0 0 1.7444995773552612 0.47384924159089703 0.05393816395041139 0.17166207494966554 1.7894815422103263 1.2635096389295575 0.03947712057468759 0.11893241132575363
119 1190 0.6983167529026716 0 0 1.8517447321769556 0.5386835976636364 0.05771588862744486 0.19834874544714653 1.9553205859908378 1.3876837933781268 0.04486795230906383 0.12467609365059765
120 1200 0.7171809337814931 0 0 1.861107303948697 0.5778266155334416 0.05577284226976441 0.20768700208304308 2.0014748027330147 1.4079565657884108 0.0456082359999356 0.12542585066614678
121 1210 0.7286810707016959 0 0 1.8407658666065587 0.608165464036997 0.054715585140467635 0.21461411186159243 1.973672951126743 1.3820862209297342 0.045064404410584506 0.12295530380683016
122 1220 0.6702336407664587 0 0 1.6573835198098916 0.5561761321831116 0.0498617833588513 0.2008968890742714 1.8070422388314409 1.2620591361542464 0.04139612359792542 0.11011815965418494
123 1230 0.5985622640096183 0 0 1.4634726692813533 0.49211712339531294 0.04226099729880979 0.18112698135746852 1.6011952245506114 1.127652175211839 0.035436730609253876 0.09803657917548243
124 1240 0.5247934411669484 0 0 1.2511921465659115 0.4354563855668608 0.03625034032451379 0.15936557159805032 1.3959418820757108 0.9720244854431886 0.029877904846232786 0.08665438435775519
125 1250 0.49770995223411785 0 0 1.1701368911708776 0.3923429152950608 0.03283962408036663 0.15717269489988187 1.3040622314883503 0.9243960873289158 0.02764389294110745 0.0794087316121523
126 1260 0.49170387755364514 0 0 1.162862869682003 0.3807884218796886 0.03199834667324132 0.14527636899944044 1.2541909107051457 0.8952736272297493 0.026919373534258526 0.0757533172605977
127 1270 0.4372060930282419 0 0 1.0304176025859317 0.3399258524497398 0.0284193986198289 0.12164120943099131 1.0992949715879998 0.7938446591369269 0.02374128424516289 0.06498377360001299
128 1280 0.3850265140312022 0 0 0.8939995052647075 0.2938368809326512 0.02487744424796668 0.10719206903196425 0.930636122173778 0.6872041626400134 0.020112193323498517 0.05748477147485144
129 1290 0.3757693449280638 0 0 0.8214966572366781 0.27201259254086324 0.024003458128333287 0.10508874942819163 0.8503442058281948 0.6177334978397006 0.019021243748782633 0.05528238516794089
130 1300 0.380412760809353 0 0 0.814805303441434 0.2826282568755937 0.024374973922391754 0.10461061851942825 0.8273251799830852 0.6016861578250721 0.01880555451071559 0.054175765802423885
131 1310 0.37536191339090197 0 0 0.8135239526399267 0.2902042042294094 0.023879559614730976 0.0996332325449225 0.8334980566413437 0.6018083179046577 0.01885660014657588 0.05181796147196386
132 1320 0.36884238400253283 0 0 0.8022086215002738 0.2886575538246676 0.023036536652598298 0.0883815770139673 0.8145164617572601 0.5821626711223629 0.018548228034075177 0.04992637182147514
133 1330 0.3699852507384795 0 0 0.7788286474721796 0.2908271819813951 0.02282757160096955 0.08761571734929231 0.8401331748067322 0.5999519553175785 0.018929630186903707 0.04849335732777722
134 1340 0.3917428156655714 0 0 0.8219695720762574 0.32780442716690256 0.024820564085914695 0.09066442079059804 0.8767904529442855 0.6360586216829626 0.019763957164059542 0.05034698453386865
135 1350 0.4089149969978844 0 0 0.8267400116637087 0.361853129466384 0.025592466842231425 0.09555047845497645 0.8920878230775036 0.6429909682533358 0.020208954693536785 0.050833354333615174
136 1360 0.43597911840693304 0 0 0.8921291156160841 0.38934394484166884 0.026693556348132693 0.10245714343211765 0.92662038789869 0.7144397541639002 0.020173825164302123 0.05411657460091504
137 1370 0.4725629500466143 0 0 0.9731619934059844 0.4243343644582753 0.028143514648266144 0.11007268973096732 1.0067002137538652 0.8070583359957192 0.021652629861036925 0.05666534519514546
138 1380 0.4727807182021199 0 0 0.9224057040185479 0.42133159791870056 0.026889489096483837 0.10929659183338082 0.992846170019804 0.7803025505232991 0.020709032948189557 0.05731322881417087
139 1390 0.4671626153624295 0 0 0.8880053639786584 0.40238168478994535 0.025615961444445248 0.10673366313298993 0.95201355329854 0.769308424391558 0.020404976256176842 0.0579685904824685
140 1400 0.4860801470899847 0 0 0.9164032731178737 0.45841581889031535 0.026453080722606 0.1072937987515414 0.9838013296401826 0.8020380001209698 0.02101723864609676 0.06075214201876905
141 1410 0.4867024091365977 0 0 0.9322764189872758 0.4571143876403532 0.02680381051411975 0.10695743390365331 0.9614030728343355 0.8045833276059234 0.020862924711726145 0.06061239054843443
142 1420 0.45343737363444464 0 0 0.8430599232589949 0.42596701630570577 0.025091763722043914 0.09296453155154742 0.8994887315558743 0.7291641163192213 0.01863877122609008 0.05607476036808971
143 1430 0.4385921468164748 0 0 0.7808768818731372 0.3991330765734227 0.02383399540828929 0.09169923936869605 0.8687591074095142 0.6986059678391124 0.0177564144786744 0.05229259813549076
144 1440 0.4053607806918867 0 0 0.7022952871723498 0.3633444059312713 0.02177973376600645 0.08515592943482037 0.7978022297531722 0.6459949729501833 0.015762731846766027 0.0465710727339103
145 1450 0.3871973041503783 0 0 0.6614703185743381 0.35390768413519624 0.020304720355350553 0.08051835448991651 0.7568393565241713 0.6077389090076354 0.014714218066568242 0.04373692611204224
146 1460 0.348170513758887 0 0 0.5481586589294538 0.31599258674938235 0.017770404661276537 0.0709728052834771 0.6385309350979373 0.5133911300893589 0.012881911068442458 0.038361737275676995
147 1470 0.33284275922632356 0 0 0.5257404058010926 0.2963368683691255 0.016998059707948508 0.06817152788337408 0.6064329289069181 0.48820787369543356 0.012007564883257119 0.0357643556947473
148 1480 0.327511492993761 0 0 0.5010877526665951 0.29404479109903714 0.016404650389133538 0.06475637353359197 0.5953385508477538 0.47447392659334486 0.011611431234569567 0.03403118763012024
149 1490 0.3169485164492039 0 0 0.48221577075100636 0.2882012632259962 0.015631382095454362 0.05890896617998979 0.5716722466750799 0.4471755739409632 0.011010957621078444 0.032141750618661216
150 1500 0.3320488033110934 0 0 0.49799092703125936 0.3137126944351985 0.01673288064839394 0.06195174755906976 0.5665015940416754 0.4626020444371302 0.011407587006973818 0.032337643907632864
151 1510 0.3350772988377962 0 0 0.4895851190100314 0.3266756783029633 0.016463185731035848 0.06053039220679389 0.5441013857622736 0.45711388972626976 0.011230906089557713 0.03206337675662804
152 1520 0.3595433768752439 0 0 0.5149529690412762 0.3677849420082406 0.018939575411162042 0.0642593831435037 0.583781626203948 0.46485034943076686 0.011888041824033982 0.03411342374505656
153 1530 0.34841035108197294 0 0 0.478137562382423 0.3553746681550062 0.018375616882837707 0.0621073952611498 0.5723003263287895 0.44618522588700316 0.011068288743001566 0.03282683318877247
154 1540 0.3495193991763084 0 0 0.4814262407154752 0.3598408108174575 0.01810336581377074 0.06286038865524103 0.5545376246947634 0.4435977610591969 0.011162670691226777 0.031883838853430026
155 1550 0.37195226956934807 0 0 0.5044503964442485 0.38385918143464737 0.019462060663834213 0.06633612753405818 0.5463462644853723 0.46711951119001377 0.011832811413792646 0.03299905915493632
156 1560 0.3580487566200482 0 0 0.475346742496147 0.3937846875947188 0.01846972667096899 0.06249594389062905 0.5259015211091721 0.4515727271409184 0.011257657470886992 0.03139449640227101
157 1570 0.35925706444812533 0 0 0.44920272472779404 0.4131000988631036 0.018472675298030632 0.06258857113602383 0.5226722979411704 0.4433719708764182 0.011064207295421393 0.030402582073593525
158 1580 0.38555553399645415 0 0 0.490286361569056 0.44390572743949464 0.020108343587890504 0.06732430651893563 0.5785119832566836 0.4846361602915902 0.011883772772466536 0.03125137476593697
159 1590 0.4012245764940492 0 0 0.5118578729746665 0.46118072751667716 0.020999605068188786 0.07118351326384299 0.6009008535352394 0.499206551858699 0.012069181007240073 0.031889327473766584
160 1600 0.3775850814845511 0 0 0.46853482912245303 0.43643431517082226 0.019363345835926558 0.06538422580082538 0.5363552606630968 0.46103596018048193 0.011467856845196838 0.02954069884244158
161 1610 0.3646536894082985 0 0 0.45529981099430666 0.41134609023798296 0.018407104637354482 0.06646765335147425 0.5102160662478288 0.4428730306948828 0.010914281707451401 0.02799239663328715
162 1620 0.3372396360931126 0 0 0.4195158340353319 0.36491547696465415 0.0165547122117962 0.060692887590076974 0.4617048838141031 0.4075470118520441 0.010421375002895226 0.02578416972786873
163 1630 0.34921600067790537 0 0 0.4345208055354687 0.39524906441074287 0.01686908361510878 0.061860859507017515 0.4769903955207181 0.4209476648969887 0.010529298995138433 0.025647699945749246
164 1640 0.40709671479996223 0 0 0.49356022828335144 0.5217569040777422 0.019274118059915267 0.07222563360288495 0.5340345324135843 0.4836337811097433 0.01161080163179801 0.02952623755653467
165 1650 0.49369614485213237 0 0 0.6040217076533885 0.6294878749180666 0.022883420317681324 0.08724516523356421 0.6331748229365165 0.5939888210992015 0.014082164841485192 0.035010363534629475
166 1660 0.609175674515961 0 0 0.7376687080980792 0.7880685596376634 0.02664708623525979 0.10227705509713873 0.7745086671105381 0.722589984248582 0.017072580930405222 0.04315415354211206
167 1670 0.735309103897499 0 0 0.8644614490613646 0.9655697655289895 0.03146636434532066 0.12369862194341667 0.9352527331861222 0.8517959145112548 0.020825876610978053 0.05073725288531839
168 1680 0.8158512127668714 0 0 0.9243848303279562 1.0885230193686066 0.03462770096214382 0.13205028757223986 1.0573107996121744 0.9585644129768638 0.02299744087953274 0.05520654344999927
169 1690 0.9085352980500051 0 0 0.9977458105531644 1.3092831726543415 0.037551653500906036 0.14004185122035062 1.1487676832787923 1.0515334752273995 0.025103021362380407 0.06063517078208379
170 1700 0.9447917039752439 0 0 1.0483720847977638 1.3553205644662587 0.03728010257166407 0.141955636351094 1.1914629214050525 1.0709574148426286 0.026613947535176586 0.060819428982029924
171 1710 1.0908685823310356 0 0 1.2049434829895422 1.7110352044073185 0.04133036197748741 0.16189659979056625 1.4202303041746211 1.247433832686083 0.02898211725876343 0.07298578370613701
172 1720 1.343812911107983 0 0 1.48940067780091 2.24106758204509 0.05307842239553133 0.2033597392422829 1.7303351811408603 1.629409136132602 0.03348364631699468 0.09096423899892564
173 1730 1.5070083157738945 0 0 1.6264960002763074 2.5030074304220693 0.05755934831219768 0.22406515206101288 1.9895141555390086 1.7778211686553074 0.03622482338821213 0.10520358441142849
174 1740 1.5541548110818661 0 0 1.6527984387221795 2.4829940118015257 0.05593758211424075 0.22902322270186942 2.0588975674047885 1.83974165949339 0.03674646880508027 0.11207045636027865
175 1750 1.4890074910577082 0 0 1.517517163409402 2.362568574955942 0.052828957889875024 0.21489051568817646 1.9662870599031221 1.6814887607099045 0.033747574229933616 0.10706238497190297
176 1760 1.4861388872484782 0 0 1.4649510585502685 2.3557573874969653 0.05270427116092966 0.2135647357218693 1.9430411146126065 1.6828168804301733 0.0317099061931111 0.10791928071979057
177 1770 1.500630898579481 0 0 1.4416406706547593 2.3335700820910974 0.052667457799863086 0.20219620444015868 1.9629897226215978 1.7460869424424672 0.03059059379637025 0.11059058990374766
178 1780 1.425397899404428 0 0 1.3803962617374321 2.2319464144170396 0.0499462644535091 0.1856237643869314 1.8217114243605281 1.6841811067491654 0.028118865486311456 0.10351287602349395
179 1790 1.3249541144146497 0 0 1.290928352206199 1.9895431549771483 0.045195583057120535 0.16712590114044007 1.6728624213525543 1.5481000071439144 0.02593719644502582 0.09723882964249883
180 1800 1.1349644073898257 0 0 1.0940446088298412 1.6016710497880018 0.03792839798275363 0.14013587325657342 1.4387787747914633 1.323078209791894 0.022389797258546704 0.08042764832830382
181 1810 1.1214807521390082 0 0 1.068781194930954 1.5277793551826895 0.034609119277657016 0.1371514225888684 1.373168094352179 1.267413158650258 0.02252874336904001 0.07788563402050229
182 1820 1.066988011424624 0 0 0.9890199932818459 1.475751705448563 0.03341092530911639 0.12741988959201717 1.3256531120241153 1.226757419117971 0.02083866224115185 0.07552931056851454
183 1830 1.0625751589778638 0 0 0.9811807719674235 1.4855625656136562 0.032537578848349694 0.12525096215534565 1.3173495859962359 1.207928866086984 0.019503083093261205 0.07335272459480047
184 1840 1.08396216742523 0 0 0.981183027402123 1.5929068510446158 0.031937776685207586 0.12607458915671466 1.2921209255245822 1.2533227820343287 0.01982961223182193 0.07271978205308814
185 1850 1.2222404064223398 0 0 1.0859999729430025 1.9523592983618123 0.03632536217294365 0.13843415770773498 1.4475092351798862 1.375682028222566 0.02303402165861332 0.08224911327660776
186 1860 1.2071277012440733 0 0 1.0721541919604505 1.8969459289234414 0.03419424919597799 0.13252669377570556 1.3701695031129115 1.306897254267049 0.023642576886630785 0.079978652983412
187 1870 1.1292792044930484 0 0 1.0173812076760465 1.7199498944646139 0.03181537748856295 0.11847690001784832 1.2906979787753066 1.226966989793486 0.02209590339588092 0.07289366269064702
188 1880 1.0815592869034236 0 0 0.9775763298216708 1.663621353393597 0.03042722654303891 0.11565594373400115 1.2400593628494156 1.1853753491244854 0.021459761736300074 0.0682406479541722
189 1890 1.0244144608797718 0 0 0.9374969966663717 1.5995241429395217 0.028780214224573848 0.10950404333835799 1.168584414566113 1.1548635614699474 0.020218332284797403 0.059544771479816634
190 1900 0.9597943233945656 0 0 0.8312760151345342 1.3965235139152232 0.026752605200503075 0.10090092702144093 1.0674557489073266 1.0176834817206082 0.018735093845419392 0.0559835740265379
191 1910 0.8523063580573896 0 0 0.7280901375355454 1.21927229673737 0.02339481215917648 0.0854508779309849 0.8918028448392059 0.8798974279949763 0.01627386647946544 0.04856624256264443
192 1920 0.7627518471659668 0 0 0.6529256718749095 1.060524445664876 0.02080917786953889 0.07514123462543189 0.7832143647732641 0.7509514476176316 0.014309250316281014 0.04354303601811737
193 1930 0.6934256799457753 0 0 0.5877648942983432 0.9329079019838418 0.018158727477803626 0.06745902948532317 0.7228036404575876 0.6696296862904804 0.012898897951252673 0.03875685748138886
194 1940 0.5928229372912533 0 0 0.49101061327487794 0.7699904991561406 0.01494673299745597 0.057120005426934954 0.5967583699285544 0.5681313779138258 0.010842886871251874 0.03252146459687943
195 1950 0.5698092278564856 0 0 0.46398792181895876 0.713600933291939 0.01354204492974872 0.054043862406290735 0.590796266396051 0.5492369042076247 0.010586304773462164 0.031363346952326496
196 1960 0.5479907568057795 0 0 0.447956853435874 0.6819784617850776 0.013496647675953419 0.04813998481936729 0.5678575623622829 0.5278377608189612 0.01008262019106366 0.029446770318987403
197 1970 0.5359979853728881 0 0 0.4362967684021943 0.637857926703071 0.012581561184740558 0.04756415614779937 0.5558307797974185 0.5100662431491997 0.009577249097208725 0.028994836356341813
198 1980 0.49683485569549546 0 0 0.40643005516167163 0.5671649996827715 0.011168114764287656 0.04383662245375923 0.5044377233400341 0.4740042320182821 0.008808249404259432 0.02739238354576634
199 1990 0.45148276959616385 0 0 0.3667600485201186 0.51644391517351 0.010003679297675198 0.03999320056150212 0.438716435272458 0.4301256970375753 0.008163335554768874 0.024094224516127444
200 2000 0.41118367624075747 0 0 0.3114511936971134 0.459092463671155 0.00890342715701618 0.036595259119449504 0.38871388618260583 0.34931036212317407 0.00760015128992259 0.022097600233764655
201 2010 0.34579562098776295 0 0 0.25242370854122115 0.3693415435309434 0.007204426387324418 0.028615771552034826 0.32584889044769233 0.286151661238144 0.00641008212213572 0.0181211675177484
202 2020 0.3426765933905238 0 0 0.25028204328176623 0.35894945669525535 0.007753943103627109 0.027381929975050387 0.31936765360556235 0.2763989006133909 0.006329401113441278 0.01803040033918295
203 2030 0.3419256805008078 0 0 0.24743971644303872 0.3386202825769839 0.007571983244758646 0.026152040245569164 0.31073749886695545 0.2734834459027309 0.006439276944817159 0.018894559113435763
204 2040 0.3460676944590673 0 0 0.2392125109544923 0.3234550466886094 0.007562963357824594 0.02672453318954601 0.31895161562881374 0.2688858524900358 0.006424753211638006 0.019235505635044083
205 2050 0.31558620549362654 0 0 0.21975719039660244 0.28823710536019753 0.006720887451451978 0.02350117456775595 0.2809091682570044 0.2528339280933946 0.005688665493933719 0.01690025663192673
206 2060 0.29998811477532034 0 0 0.20888975308428614 0.270531730305547 0.006322564204589723 0.022151122136574167 0.2618117040390572 0.24036924951043448 0.005291495247362548 0.016306193017960973
207 2070 0.2828988986377837 0 0 0.19587543956171458 0.25661280079437343 0.005714798567434053 0.020946419992182917 0.2404362589351652 0.22498300496475562 0.00496166675789937 0.014861079929415303
208 2080 0.28011389465112435 0 0 0.1978507647205185 0.24651754403450077 0.005415980528435502 0.020833293465702916 0.23629924124365934 0.2264128700067294 0.004821537845241859 0.01491853937640987
209 2090 0.2744041441499173 0 0 0.19095072613904904 0.23875146113874857 0.005458851305217181 0.019099579150968056 0.22471666771443485 0.21394613919352445 0.004517995318161872 0.01486435717868615
210 2100 0.25834991468749274 0 0 0.1641437555758796 0.22203099199147427 0.005262062074389891 0.01780651133656209 0.20965692027450805 0.19812940269533347 0.004160495273462644 0.014054900093207132
211 2110 0.25273807517504565 0 0 0.15763745484408948 0.21407649230563894 0.005109485163696418 0.01640501914783316 0.19821884206960919 0.1914869221388354 0.003978175575761854 0.01401805504625503
212 2120 0.2216141312206156 0 0 0.1375472828336847 0.18718953051507348 0.004286625034783663 0.013794117783319874 0.17434778892902983 0.16316550354460746 0.0034980433062739382 0.012225030984969567
213 2130 0.2036475271655007 0 0 0.11796530391916553 0.16937470453151207 0.003950903320254475 0.011961565038907915 0.16204222410280242 0.1464617172670976 0.0031488706710422493 0.011307877295816253
214 2140 0.20361613074741394 0 0 0.11691401186574427 0.166581661095542 0.0037653334114743013 0.011876066321737072 0.16598536573433517 0.14426518847169664 0.00306331405343702 0.011489416927559688
215 2150 0.2068173859094103 0 0 0.1171432657187209 0.15469818266376012 0.0038316336325923458 0.011913437474267525 0.16562200144835051 0.14066156284014708 0.0030816584156127275 0.011782449062993127
216 2160 0.20487645026500106 0 0 0.11577281676195163 0.15147596290939072 0.0038171688237305765 0.011704112757320084 0.16489438281010216 0.13983077893834 0.0030268422099065874 0.011990101809640264
217 2170 0.19258913321082696 0 0 0.10535822807944972 0.13421917541337852 0.0035320900493067556 0.010523929908247466 0.15219647956241386 0.13107456428212408 0.002832117211841643 0.011360422155159856
218 2180 0.17811003872818934 0 0 0.09677520276286689 0.12422962050847289 0.0033020252727421775 0.009051809194133382 0.1403355790033338 0.11998994239097875 0.002559104195084466 0.010380452100615022
219 2190 0.19394327040490097 0 0 0.1008487657989716 0.12993186192182538 0.00357890318156396 0.009249660857073043 0.14779188749433933 0.1355774216799769 0.002741626540217417 0.01203592195399879
220 2200 0.18721697991882938 0 0 0.09754004470838185 0.12038065167713 0.003341991131674223 0.008704126732520186 0.13663266317593242 0.13190866546930616 0.002643623621928841 0.011696236318480609
221 2210 0.17488660393066086 0 0 0.08996999811086352 0.11194922641960432 0.002898317317551025 0.008097187772941933 0.12928575401569023 0.1238802019295516 0.0024681156592981555 0.010654454954745363
222 2220 0.1758971895407682 0 0 0.09111396831997305 0.11265505612579539 0.002876397454376007 0.008238925327977526 0.1241449966595412 0.12869020448687563 0.0024659819686803077 0.011008266896805069
223 2230 0.17009695964733185 0 0 0.0872806422167749 0.10743333763568229 0.002650059925240316 0.007811727110291939 0.11897638079257214 0.12731631608154143 0.002368744589886083 0.010785326035315356
224 2240 0.1582805675953827 0 0 0.0785464624259129 0.09743352514784714 0.0023940817554410723 0.007140164213627871 0.11035845905598994 0.11652851495632559 0.00219170704494477 0.009817268717766663
225 2250 0.15045631219967498 0 0 0.07293963595582688 0.08946486274585064 0.0021890603437242266 0.006756579966010577 0.10382640841935602 0.1104103414002624 0.002060023469839144 0.009341173517279575
226 2260 0.13105522058896396 0 0 0.058882335950391815 0.07666230326849932 0.0019174280493279708 0.005800460495613307 0.09075412520721203 0.09434679565544493 0.0017706958650511252 0.007959515661559252
227 2270 0.1161151907314627 0 0 0.05102627119515984 0.0673500480958577 0.0016736384581045667 0.005103545608403929 0.08168051333044253 0.08258804509646502 0.0015065660575757948 0.006949700175557457
228 2280 0.11152605378448009 0 0 0.04795621898956999 0.06398927868200886 0.001608102267005193 0.004629875998369978 0.07837054447429578 0.07848549252088519 0.0014127204781299069 0.00670168897597352
229 2290 0.09932708953645747 0 0 0.041270860106572785 0.054065074220335185 0.0014046262640992754 0.0039479804253782546 0.06960871249067133 0.0677577516259526 0.0012136746201520776 0.00581373610736439
230 2300 0.08574559128327748 0 0 0.03591458740433504 0.0450575575638218 0.0011948820463902677 0.003265456447736377 0.059326152321040285 0.057954785493445994 0.0010012366089682326 0.004987078847475919
231 2310 0.08445412563180635 0 0 0.03614767937198766 0.04367661248764025 0.0011729648831888477 0.003177979152454273 0.05460376765181403 0.0562926730658773 0.0009688602104854315 0.0048929554806533245
232 2320 0.07922975709723638 0 0 0.03415170751676305 0.04006857331925383 0.0011006624624424009 0.0028792301423073412 0.05301097064589778 0.052838569697267516 0.0008984917931303897 0.004545559928021864
233 2330 0.0768124715620561 0 0 0.032659700700988864 0.038769782120857306 0.001082267948545073 0.002716156076886544 0.052034971556156974 0.05165291843935853 0.0008502913963018944 0.0044080188473479475
234 2340 0.06715609660772529 0 0 0.027720788550179693 0.03374820786240575 0.0009222225294998415 0.002332697632899467 0.045652626797309324 0.045409232705135236 0.000728042656195636 0.0038461097058781766
235 2350 0.060507243335151624 0 0 0.02432910382365085 0.03020933609987445 0.000828767177742498 0.0020304351809179748 0.040448177605061454 0.041256563146445706 0.0006569125912480292 0.003196983677119273
236 2360 0.05392694513709367 0 0 0.02098073907142341 0.025835258992412253 0.0007246597614004492 0.0017872734787685125 0.034679238514370686 0.03686446203970392 0.0005756114545040611 0.0027379640151740446
237 2370 0.04822825019797099 0 0 0.018459417941130304 0.022343127000251824 0.0006358935759503122 0.0015465818658685195 0.031154784650936795 0.03293447674714721 0.0005112722090234826 0.002386445316637207
238 2380 0.04374444327991782 0 0 0.016391774160305173 0.019960126782983256 0.0005748314750627511 0.0014048644977030422 0.027860062225128414 0.029679935117350446 0.00046101280664442477 0.0021784279373287304
239 2390 0.04403067815022595 0 0 0.016850719405753604 0.01950698179255634 0.0005673140904416669 0.0013769677835403032 0.027709515399976806 0.029506771295412387 0.00047667651674349347 0.002175570023042917
240 2400 0.04234643969739784 0 0 0.015446867216214438 0.018084488913321168 0.0005538905382504147 0.0013320479134513745 0.026221994719103237 0.027459338152521846 0.00044146484188601655 0.0020527650915391936
241 2410 0.04509910184330424 0 0 0.016229461783125593 0.019174007683841914 0.0005728750097990262 0.0014167606003187636 0.02789479269541116 0.030287239531407845 0.0004703623662777475 0.002005185492498276
242 2420 0.04432643076512894 0 0 0.01541045486423214 0.018549081033489727 0.0005353582691120244 0.0014143308713235282 0.02767133590826095 0.02990146290498995 0.0004330436237955636 0.0019260639520276824
243 2430 0.041601217282770137 0 0 0.014217365443088215 0.016281397300968968 0.0004980384339236701 0.0013144840599049364 0.02530475506611632 0.028388526547190904 0.0004005645630483858 0.001802436172599817
244 2440 0.04223339030058913 0 0 0.013836789617295923 0.016611821466087355 0.0004949972937374875 0.0013047101236129234 0.024995469444469915 0.028559226323041396 0.00041211375459885137 0.0017912145024974965
245 2450 0.03745917442877588 0 0 0.012090753838091049 0.014525871889236219 0.0004317468129537807 0.0011181074790193874 0.0218870885757779 0.024356998197406225 0.00034851680185821274 0.0015675726973279653
246 2460 0.03362668404958948 0 0 0.010583029702061486 0.012725410889028727 0.00037924087271062516 0.0009819894871879436 0.01941172404735546 0.021390167943361914 0.00030416469346773836 0.0014185262544826158
247 2470 0.02992171172693977 0 0 0.009369772176263478 0.011273060255375595 0.00033192068637090893 0.0008398798985672675 0.01700073153728434 0.01885853886980084 0.00026600668235225776 0.0012864095130226071
248 2480 0.025701978194805093 0 0 0.007964154565530377 0.009757162206871712 0.0002720960707675752 0.0007163668936029415 0.01426735093290928 0.015836551459659187 0.0002248310873107446 0.0011038997725010629
249 2490 0.024699637190058393 0 0 0.007601115564809897 0.009356504201589764 0.00025916120264207033 0.0006864199151585817 0.013444606974140235 0.014984162994774291 0.0002111744844380034 0.001064081649361555
250 2500 0.022553229916419358 0 0 0.006725119275379102 0.008182797536264459 0.00022985630603096317 0.0006241696362065913 0.012050139742892697 0.01310628329571548 0.0001929965714451538 0.0009828763901757265
251 2510 0.02046439253441669 0 0 0.00609153842498151 0.007400462054522211 0.0001990561914801783 0.0005544531063805592 0.010371882350193828 0.011953445244331848 0.00017462904430135993 0.0008934437327021775
252 2520 0.019288736519153735 0 0 0.0057340208782691105 0.006942265257016501 0.0001960669844044789 0.0005203637679479864 0.00963662669924582 0.01129791260685534 0.00016362323533941747 0.0007624062713751433
253 2530 0.019224385912172594 0 0 0.005632343582555062 0.006897800573151193 0.00020078036590982692 0.0005048840570518184 0.008904937458663904 0.011073061353177488 0.00016945565330639834 0.0007410584482753942
254 2540 0.01900250678864275 0 0 0.005941250184420925 0.006669283573697675 0.00019699987943178038 0.000497529495193543 0.008533081607671253 0.010829619618434289 0.000169489478174103 0.0007507052325677383
255 2550 0.018585464066701713 0 0 0.005841375481145203 0.006200141585637279 0.0001866836431702022 0.000485848711707435 0.008836468511249944 0.010171521352130751 0.00016930494206016797 0.0007016371081465354
256 2560 0.016915026186057135 0 0 0.005246033529313717 0.005598533791094687 0.0001694832790811889 0.000441321134706091 0.00807013897879486 0.00925134409104827 0.00014868245720617602 0.000625833998504037
257 2570 0.014155927565891995 0 0 0.0043406748680704915 0.004630541293331699 0.0001386571898038187 0.00035979166569469233 0.006599419030069526 0.007619920298985886 0.0001250471930712311 0.0005139488629881105
258 2580 0.013550259399508243 0 0 0.004135607462893652 0.004440869590667996 0.0001288914561716822 0.00035081472215570494 0.006178303373592224 0.007329233135338377 0.00012311240782337857 0.0004729879087923494
259 2590 0.012229804145638776 0 0 0.0037013658301958676 0.0038927274404603226 0.0001173465642377209 0.0003125794129475924 0.005456195518590692 0.006650548854543356 0.00010785246566770628 0.00042353883588518057
260 2600 0.01123641413811325 0 0 0.003235753234567875 0.003484562727692219 0.00010794398628780882 0.0002774699159511323 0.005052447273458277 0.005962212957479162 9.78955372113232e-05 0.0003946572064153674
261 2610 0.009992418977809683 0 0 0.0028992477588057402 0.0031071287013488638 9.363185197418165e-05 0.00024435158636551866 0.0044361712622814 0.005296290892408809 8.621913250469082e-05 0.0003488310800298054
262 2620 0.0091691877853809 0 0 0.0026730103803456863 0.0026345480244213304 8.608048078903688e-05 0.00021921664679536244 0.003939636391353952 0.004748669921055299 7.8189371288908e-05 0.000317627066640445
263 2630 0.00847228140659373 0 0 0.0024870069960950154 0.00243846481375338 7.789957093387034e-05 0.00020064675249859915 0.003664867576757024 0.004290509049601757 7.31975258539342e-05 0.0002890121007693167
264 2640 0.008145158486900516 0 0 0.0023459252162088672 0.0022290447933606032 7.364476779107512e-05 0.00019809821855773502 0.0035467144525303048 0.004118487624703606 7.013486340158866e-05 0.0002624258637696116
265 2650 0.008170950211051317 0 0 0.002351349791174385 0.0022432547082432285 7.402319334079355e-05 0.00018843875891159752 0.0035311262402326392 0.00410668035779063 7.330182680644325e-05 0.0002592225119026624
266 2660 0.007990890117473816 0 0 0.0022780216439554617 0.00220956618235018 7.049997632591424e-05 0.00018292031753218527 0.003411448801435374 0.004139745407855932 6.94236967916486e-05 0.00025158992921591144
267 2670 0.007311491475805657 0 0 0.002020251379465504 0.0019923934390706282 6.118639937330979e-05 0.00016646872244030421 0.003035599296700112 0.0036982509831459784 6.187073488380797e-05 0.00023438621288715184
268 2680 0.006716946529874311 0 0 0.0017361666316958637 0.001901689319640432 5.678629896218859e-05 0.00015212870066133192 0.0027846128098818258 0.003505387963488026 5.657413936451983e-05 0.00020980123592698465
269 2690 0.006111845139811523 0 0 0.0015927255963256194 0.0017189280399432115 5.04571197270191e-05 0.00013647545893712054 0.0025470774442888913 0.0032190360960286405 4.874657161193192e-05 0.00019235270302807214
270 2700 0.00529978713903048 0 0 0.0013697722521946913 0.0014610711257474235 4.3119376944079904e-05 0.0001175430866719694 0.002125910006356648 0.0027429398446788818 4.207119509230102e-05 0.00016391402930949646
271 2710 0.005025277775180439 0 0 0.0012883583721351813 0.0013624412983166425 3.9964087157411976e-05 0.00010818281149840808 0.002049785481346798 0.002558526390516828 3.871992651454308e-05 0.00015568908170209402
272 2720 0.004676385231150253 0 0 0.0012248918635069902 0.001244505084657471 3.609681112617338e-05 0.00010025488699838692 0.0019129851042966872 0.0023716410742599045 3.509362655407333e-05 0.0001450504346188161
273 2730 0.004362968263634479 0 0 0.0011077607109979668 0.0011577315470419193 3.321663936053829e-05 9.495354748376795e-05 0.0017875742556503695 0.0021641744227822966 3.0337217678715193e-05 0.0001362832650676658
274 2740 0.003900154180133734 0 0 0.0009767351120334173 0.0010176742809602979 2.8772444125242515e-05 8.576985132546185e-05 0.0016001758796323966 0.0018533892190746126 2.6946228441904854e-05 0.00012216707647556916
275 2750 0.0034610284541815458 0 0 0.0008622701301185332 0.0008882097464201651 2.522106963179396e-05 7.240854030193773e-05 0.001401588792932399 0.00164535047985831 2.3499534634980662e-05 0.00010872784618071292
276 2760 0.0032480168120757576 0 0 0.0007939372636706709 0.0008327059186714822 2.402818735675381e-05 6.712920828652116e-05 0.0012927263083406936 0.0015251700967922786 2.2233913315386385e-05 0.00010237459320122879
277 2770 0.002873523348327803 0 0 0.0006946002159180051 0.0007149783966601044 2.1025548350964505e-05 5.974823500699399e-05 0.0011408714145214036 0.0013514450454025914 1.950376023140546e-05 8.856698549629682e-05
278 2780 0.002676073583623395 0 0 0.0006334181129601597 0.0006583936184627795 1.9123991297292485e-05 5.1620628460191254e-05 0.0010368347159339735 0.0012610538009524127 1.8055844930169537e-05 8.077984420542272e-05
279 2790 0.002516548970833101 0 0 0.0005808987496210957 0.0006204706346379379 1.7947727984057624e-05 4.876047765329072e-05 0.0009679488139499476 0.001207388414845651 1.6870327389214706e-05 7.542190662260058e-05
280 2800 0.002381312923422149 0 0 0.0005230879751678625 0.000580648860246576 1.7530091851422098e-05 4.6391499661331756e-05 0.0008962317660960529 0.0011321573515133334 1.5627653862825295e-05 7.001172433010442e-05
281 2810 0.002142375784995089 0 0 0.00046145911673184587 0.0005120774643103886 1.537176267712854e-05 4.1926566413070755e-05 0.0007796561506691546 0.0010335204539489416 1.3824418336214048e-05 6.12696792421893e-05
282 2820 0.0021673422374242825 0 0 0.0004870249416394038 0.0004904651745285394 1.5266106739004604e-05 4.280265821788721e-05 0.0007854051512158189 0.0010017297593389143 1.3919056295854273e-05 5.974561867397373e-05
283 2830 0.0020000409979072055 0 0 0.00045225307312086056 0.0004458980265195126 1.3622691835558129e-05 3.9350493279951975e-05 0.0007163614269588026 0.0009018270228061222 1.2560087806425512e-05 5.3671919576810405e-05
284 2840 0.0019420051869876915 0 0 0.00043244443513874327 0.00041886538882272985 1.2791232745468304e-05 3.595255453817756e-05 0.0006977257543289424 0.0008612211998166433 1.2132834471153545e-05 5.125644845554131e-05
285 2850 0.001881328626657536 0 0 0.00042399664450218865 0.00040097497626258587 1.1942957893739347e-05 3.419797831286611e-05 0.0006423206649639439 0.0008281186173180605 1.151732900980453e-05 4.998645243299913e-05
286 2860 0.001704252207626992 0 0 0.0003781805328928265 0.0003572993062490795 1.0802397011901345e-05 3.0084200841497837e-05 0.0005834100406521964 0.0007541697743005043 1.0647602343713163e-05 4.3576994342895976e-05
287 2870 0.0015123846753650166 0 0 0.00032711167354197197 0.00031767249219897143 9.497595652332092e-06 2.5804831458695912e-05 0.0005012439313583833 0.0006598941020900632 9.362184011983839e-06 3.941907392761584e-05
288 2880 0.0013986932180328352 0 0 0.0002962486044500253 0.00028205311123839853 8.253106207304568e-06 2.511387770446173e-05 0.00045485590303865193 0.0005690748624517622 8.238202434838757e-06 3.54142140133961e-05
289 2890 0.0013885009165470262 0 0 0.0002832280635012656 0.00027908682167437866 8.287133829733908e-06 2.388137778685054e-05 0.0004344533211799281 0.0005469751846506155 8.184112315045837e-06 3.4880231103629565e-05
290 2900 0.001395574791509193 0 0 0.0002753208668585664 0.0002706200528672748 8.112877146507515e-06 2.4569586340669703e-05 0.0004266294279853139 0.0005449570092746387 8.14589510420704e-06 3.48538637564811e-05
291 2910 0.0014606911883833554 0 0 0.0002676485684880318 0.000277598552834 8.456152112177976e-06 2.5055789371734244e-05 0.000440585459683548 0.0005730863344137028 8.66278776342637e-06 3.827554908348134e-05
292 2920 0.001399639155992883 0 0 0.0002484925066971045 0.00026041289695415533 7.947718777099374e-06 2.3449773588431942e-05 0.0004149265400737781 0.0005375576419279555 8.178835041083691e-06 3.461522234076594e-05
293 2930 0.0013389169510776592 0 0 0.00022901494568244065 0.00024104825018566992 7.453750073431496e-06 2.183910364002053e-05 0.00037945191141536017 0.0005105422563486575 7.931241586933553e-06 3.454816124284164e-05
294 2940 0.0012271587289479676 0 0 0.0002035026303201935 0.0002222106924602298 6.67200873390599e-06 1.968766464724421e-05 0.0003367002548907391 0.0004613748149262617 6.885028168526893e-06 3.067643601739015e-05
295 2950 0.0011380203379007024 0 0 0.00017943821271385301 0.00019801261519683476 6.116121257248326e-06 1.821799431758309e-05 0.00031632640833896943 0.0004085932622937225 6.219391744397789e-06 2.8116376481446214e-05
296 2960 0.0010675273788129326 0 0 0.00016725004989682872 0.00018608786085182283 5.640789885014041e-06 1.6937678906435183e-05 0.0002890988767416586 0.00037970665033216014 5.8998217526177224e-06 2.618020211527975e-05
