% # columns="iteration, evaluation, void, void, void, xmean", seed=465285, Mon Apr 20 10:59:20 2020, <python>{}</python> # scaling_of_variables: 1, typical_x: 0
1 10 0 0 0 -24.344720064952988 15.839122447045366 0.0566739373976331 0.5535786628291706 22.738143759945746 11.600139496116123 0.47500262028809903 0.8385747079290227
2 20 0 0 0 -24.52135372294296 15.533753688170844 0.13396013849759783 0.6227277954294926 22.169303518972477 11.664505444554486 0.3399016599077338 1.0130879779087767
3 30 0 0 0 -25.035805693059412 15.320097486594802 0.1959758378339706 0.01104866059826759 22.219753761539508 11.463803994382413 0.32510503439255956 0.9947322194222608
4 40 0 0 0 -24.44199888378964 15.285195296976806 -0.01667715124511593 0.2247763418001332 22.119669866276165 11.75182255522555 0.28360344083830663 1.1827132449604854
5 50 0 0 0 -24.309047881948935 15.559897697067925 -0.04588064560725712 0.2853366031931056 22.437801681066343 12.019156708190687 -0.13572108842813063 1.0125986611762778
6 60 0 0 0 -24.57680431187289 15.42100100006051 0.35374049160241794 0.24302503836479497 22.730100718620513 11.579977503239192 -0.10906833848431159 1.1859614834136585
7 70 0 0 0 -24.26387906775437 15.588098701073317 0.03753478867547405 0.25958291183707205 22.66341827669788 11.237373951599151 0.02412719090260916 1.2436281757658025
8 80 0 0 0 -24.40087296465688 15.659914666569138 0.21160843840263469 0.17491441492174065 22.404574236502995 11.121592563935545 0.361038642969933 1.078098229471534
9 90 0 0 0 -24.661399444234366 15.778638655263068 0.3166750416087998 0.08803990472121842 22.279410230266038 11.062407105429939 0.3992312609785713 1.1034091427561976
10 100 0 0 0 -24.604878200947134 16.133573838784187 0.14234244744672883 -0.22507819670294898 22.034940602518496 10.97839904639987 0.37521858623190296 1.028632733004723
11 110 0 0 0 -24.4966580846441 15.870458949247148 0.19538866776690964 -0.055114285289945664 21.89911022514366 11.35203059134734 0.34048908317383203 1.0759729103004125
12 120 0 0 0 -24.616591312127102 15.576232727548648 0.06126329243593123 0.06200662735537421 21.754940246927177 11.468545543265407 0.3590911872143455 1.122086720276887
13 130 0 0 0 -24.678905881737055 15.521618299216863 0.16037523806537188 -0.08025840655124133 21.697496920150574 11.805620355512115 0.27392372061122305 1.102170663766092
14 140 0 0 0 -24.68108851894186 15.517814779419036 0.21900626181333457 -0.11452060539335554 21.52175596595855 11.84008426334965 0.35675861740320697 1.121322876403463
15 150 0 0 0 -24.71519411490157 15.533683499569047 0.014625136487547957 -0.16660959128162756 21.677090551588652 11.593429216595151 0.3578377953635474 1.1632354761012627
16 160 0 0 0 -24.722180835817518 15.67689035566477 -0.08401063716679975 -0.06991374725928451 21.40792240502744 11.565908824439234 0.40825504293403275 1.18105884890935
17 170 0 0 0 -24.585931490240366 15.533838084986403 -0.21985987506816906 -0.010083556435965368 21.340924365708908 11.530275010039144 0.4082642806248525 1.2381807208889182
18 180 0 0 0 -24.36299605156177 15.675776121313078 -0.1672989777010862 -0.12549726250953624 21.38004961213207 11.406927925672509 0.39850182749502516 1.2035136806665718
19 190 0 0 0 -24.151961101516 15.63747184658681 -0.18116178289806656 -0.2516163337282429 21.4441012782373 11.578872394988785 0.339901912266435 1.1302900233611537
20 200 0 0 0 -24.023396673124118 15.87088867670392 -0.2145151421420386 -0.3886511805950342 21.64354577388491 11.44338368549316 0.34152894114235677 1.1456360185331387
21 210 0 0 0 -23.727457315839537 15.62553921267353 -0.15434339221614263 -0.3150056702385015 21.71415051076639 11.562579604617529 0.31221378118309645 1.0962198511895662
22 220 0 0 0 -23.859703581847047 15.587146760901744 -0.25454597989053396 -0.18467428850139636 21.489143017568015 11.684763732558686 0.3730567610490402 1.1789998591904618
23 230 0 0 0 -23.729537437969785 15.39475789309907 -0.22622315182692204 -0.1259666918248313 21.517507452887465 11.690783292348145 0.28588150344445795 1.1517693603499337
24 240 0 0 0 -23.801100605463095 15.550547476590824 -0.20266275967655442 -0.08405783171790454 21.76938831930523 11.755774102184173 0.3543026986724216 1.202282779586239
25 250 0 0 0 -23.93832437029296 15.343585315300768 -0.28620581536319917 -0.12964940161967095 21.708437653925373 11.739472315863425 0.3015410583051319 1.1410162576784175
26 260 0 0 0 -24.023326630214633 15.39367535789429 -0.24343788431612906 -0.1334149420644956 21.81073910179158 11.723304511536437 0.30959855789260277 1.095654469182674
27 270 0 0 0 -24.04551251852337 15.532485264309507 -0.25840843803464636 -0.1782497298413674 21.7112403020352 11.735927832957243 0.3124317240736741 1.0587848823515604
28 280 0 0 0 -24.022423169942865 15.546188551121457 -0.2613844177857466 -0.14749123078606902 21.586559731574763 11.617740979044102 0.3125392749632534 1.1336161414034813
29 290 0 0 0 -24.09135602164907 15.332013469819717 -0.2752314326827699 -0.005113852059186741 21.600178404257907 11.637050241104806 0.3071829872390138 1.1284986778458637
30 300 0 0 0 -24.04077674810244 15.404656394093857 -0.2779337609530491 0.0369352533179469 21.507303145873234 11.595202998860636 0.298789149026756 1.125512697198449
31 310 0 0 0 -24.06945766281401 15.322410089998387 -0.27629074868673403 0.11373470726955903 21.562276259554228 11.595389300923527 0.31891942799701317 1.0819943220410453
32 320 0 0 0 -24.12338343842366 15.262795622676178 -0.24967122045676074 0.11091534764052519 21.560910777599933 11.61854089261379 0.3188476241172367 1.089475876209137
33 330 0 0 0 -24.08069138383539 15.294797189948897 -0.2540759574992387 0.10757874018268215 21.686606503678163 11.660431865784744 0.30908667724878514 1.0718854705621268
34 340 0 0 0 -23.970986986634564 15.32278561925705 -0.25175371232363747 -0.020751200162463734 21.788980375348952 11.806399004465531 0.2969545388106623 1.0822014380997638
35 350 0 0 0 -24.08024089813582 15.289768353032875 -0.2468123289928652 -0.020837221584889595 21.72883976041922 11.718997249244307 0.3259082154403527 1.0877310593545473
36 360 0 0 0 -24.116642883563223 15.36055577083748 -0.24965651606823094 -0.032667099814167586 21.616926456589084 11.702680840149073 0.3122513150300042 1.0776734575770859
37 370 0 0 0 -24.07649653874205 15.322929932999232 -0.22730789523350545 -0.012799040833750382 21.55101596120052 11.661183351104768 0.3093076667025656 1.087385621759573
38 380 0 0 0 -24.10236101224881 15.345490263465166 -0.24319578699100353 -0.00662865904319964 21.538653454221542 11.640900029502848 0.3078126093328937 1.09461335720326
39 390 0 0 0 -24.111986570985366 15.370925158105285 -0.24246798417828902 0.02210874078868766 21.49909661279232 11.60503675016115 0.32969976585818805 1.1064033566628049
40 400 0 0 0 -24.049072892154424 15.354253516025711 -0.23060748086737012 0.008882545808533673 21.453812760400517 11.562231725862251 0.3265373017640826 1.1134197658828957
41 410 0 0 0 -24.04222490987274 15.385718125172877 -0.24678795556806532 -0.008258253781498807 21.365261378230993 11.500174695849175 0.3076790721777682 1.132425378630388
42 420 0 0 0 -24.060470939397717 15.408798089863131 -0.2427067902266329 -0.05047325575409839 21.369344631722093 11.563183003947636 0.30979522943772736 1.0935264436923227
43 430 0 0 0 -24.03603407452767 15.431182793280305 -0.2519276864895426 -0.06569090123749172 21.32231592187022 11.61507551480052 0.31069981171565075 1.1049124007414095
44 440 0 0 0 -24.08342867345959 15.452025961214092 -0.25107282956402643 -0.08193248471204467 21.241583720934102 11.578640069020475 0.31075680757004087 1.0913814514101499
45 450 0 0 0 -24.082789679564307 15.406821542416333 -0.250158714923151 -0.05288760340551904 21.1444164697241 11.500041535036164 0.3213647089727228 1.1019151682155728
46 460 0 0 0 -24.214458333008302 15.352010865939416 -0.25727497755190487 -0.07482404713633561 20.89983360762777 11.462473183941825 0.318227918965002 1.0818149770474117
47 470 0 0 0 -24.1649567765343 15.34432363101791 -0.2625833903200318 -0.059547475988971615 20.867075106810827 11.5007538234394 0.3190998402840375 1.0670649875996765
48 480 0 0 0 -24.066484474058765 15.374362485164513 -0.23449394116011943 -0.1210951608385817 20.873252479081074 11.41496913100555 0.33062695958056176 1.0853714623053063
49 490 0 0 0 -24.134393608127105 15.294125761949012 -0.24095693965586165 -0.02023035266589493 20.805406761894023 11.350177124900762 0.3252770358102927 1.0962249146302903
50 500 0 0 0 -24.13500259232512 15.316688696637843 -0.23823943862788083 -0.006463752813978971 20.700983290629985 11.34514871232804 0.304951851204245 1.0940151852081499
51 510 0 0 0 -24.18438007701431 15.313087325242863 -0.22598416400690122 -0.022296329790298046 20.594434856625767 11.35659443616779 0.3070300541547269 1.1047206786915025
52 520 0 0 0 -24.255851235850898 15.336050774191065 -0.24199984047830544 -0.04064195063945632 20.45670181828466 11.346843127297872 0.3073714319937123 1.1053068422716785
53 530 0 0 0 -24.311860351972623 15.3973671932767 -0.25926531293394417 -0.04462309823858914 20.410995088658446 11.387879876466911 0.30475369446672956 1.0950624340665742
54 540 0 0 0 -24.174743692262393 15.424575962923027 -0.24445574381735913 -0.0359345017721758 20.362631519419903 11.413823628518005 0.30743449827669617 1.095805526500224
55 550 0 0 0 -24.13787810397134 15.435171276021824 -0.24848192725807727 -0.04304781682697467 20.411540555991202 11.31909467887552 0.3131863334449713 1.0978804175226318
56 560 0 0 0 -24.206057596074128 15.425423310331702 -0.25379555646360175 -0.04196519790125576 20.368034983894518 11.31886866840913 0.3205466598980373 1.1066543866763656
57 570 0 0 0 -24.23050138488537 15.456801205248688 -0.2562615192583847 -0.05231890543082258 20.28491287567806 11.273959293651515 0.3047680570599035 1.0941916320910832
58 580 0 0 0 -24.209273872801433 15.444065409695607 -0.23779748966270498 -0.08875279707681677 20.161450135185174 11.20451241752337 0.30942042211801024 1.1133660998296235
59 590 0 0 0 -24.203272690201903 15.431656540107307 -0.2445658114450024 -0.0943657303611714 20.205642711060094 11.226261571465297 0.3202339257377247 1.1162336929449328
60 600 0 0 0 -24.120342295389836 15.468227922082528 -0.24108825534984504 -0.07072511756234987 20.189992872591382 11.264536262597655 0.31526849623187464 1.0995445193720876
61 610 0 0 0 -24.06265466174974 15.492351088995651 -0.24510615704130637 -0.06360420735430623 20.189142493900512 11.238150203172026 0.3043684422796644 1.102044938303258
62 620 0 0 0 -24.108574036234415 15.46502768874888 -0.24553505268609654 -0.06164297591038957 20.058825986941407 11.159994015507571 0.30129699282006006 1.1048751493780462
63 630 0 0 0 -24.094257361094584 15.45905328282349 -0.2389399720855993 -0.07680323062164236 19.933180126248033 11.106651960693343 0.30204897160405825 1.0934009657278985
64 640 0 0 0 -24.085419802975245 15.528664520172967 -0.24645375103293957 -0.0849922192529202 19.736076586291052 11.092508116394905 0.2902284731155664 1.0785272279409588
65 650 0 0 0 -24.040933521609908 15.581513508055123 -0.25041154505288427 -0.08051882889753799 19.61648740719109 11.072383414540264 0.28459321084514494 1.0716489282493438
66 660 0 0 0 -24.08873531957787 15.54913505059854 -0.25726627342203107 -0.014659810155924657 19.46921445497596 11.013300735399003 0.27818097513735696 1.064141795972693
67 670 0 0 0 -23.96141973852456 15.498128490659685 -0.23801455183615533 -0.05101760665394851 19.2927222205073 10.884121824609808 0.29540036825552307 1.1039817641648386
68 680 0 0 0 -23.98054218800346 15.579859462344908 -0.24248984344672958 -0.0602846277183923 19.042537496708515 10.800283965591307 0.2888988074828502 1.08546347744966
69 690 0 0 0 -24.098766778084855 15.540632241655674 -0.2526534844488104 0.008908843121769955 18.596162981706456 10.688697434646533 0.2865868064546486 1.0732601835659037
70 700 0 0 0 -23.92216960348188 15.669097990896955 -0.2523151365525972 -0.010819496830378562 18.08834632622679 10.502013538317014 0.2747984405945861 1.074701682690957
71 710 0 0 0 -23.923921461593697 15.718141201655417 -0.2447438150950479 -0.0809637227110852 17.495830055145305 10.345264413709081 0.2651801358048794 1.0885810843386203
72 720 0 0 0 -23.93243565124284 15.861368938169198 -0.2674397186384074 -0.07429224140446371 16.740465199408277 10.071653259592924 0.29078838658105727 1.1168927281694356
73 730 0 0 0 -23.88327072775986 15.829670350020395 -0.2666580151664479 -0.0033467742230725572 16.623754795322487 10.043795326550859 0.2853170433653375 1.1375568823374285
74 740 0 0 0 -24.040925134688422 16.01948591847341 -0.263202673921631 -0.09526177800824427 15.841481762057287 9.92628960300076 0.24802459675288996 1.1446714011054513
75 750 0 0 0 -23.954090147834208 16.11345665848765 -0.2651532286751208 -0.12433121504954002 16.6078614196878 10.084920061780691 0.25913326988110785 1.1002531389691774
76 760 0 0 0 -23.838455456026455 15.874504969383091 -0.26938612270390677 -0.12366079295417483 16.659436874729415 10.17506401805675 0.2879867606067319 1.0840925981254492
77 770 0 0 0 -23.905259294360274 15.970761634445584 -0.24579429566359476 -0.05664553738278967 16.287516015260053 10.11876375346772 0.2794227556848404 1.0426196395135179
78 780 0 0 0 -24.018075995929458 16.002560151046506 -0.2630232123660293 -0.04336876749969411 14.854346038272059 9.709755169811967 0.2860036327659101 1.110868620988052
79 790 0 0 0 -23.98355932846215 15.960662805229118 -0.26367304074686165 -0.008700173183560575 14.516051768955872 9.471540412890507 0.2683565034380033 1.0223687794504372
80 800 0 0 0 -23.483535323370013 16.00424418807231 -0.26567620061474856 -0.0048244131838530106 14.239141814525548 9.125585797427155 0.2800802342987438 1.0743423630653004
81 810 0 0 0 -23.503963872217415 15.983760871975434 -0.24884042855984034 -0.08022419007391657 13.615894429977738 8.83094179344067 0.2818857562108034 1.0858027336615745
82 820 0 0 0 -23.489250587083273 16.087654365854807 -0.2521992213356972 -0.0463542499876135 12.677067238074585 8.634063816251771 0.2252977147552848 1.0392863936179149
83 830 0 0 0 -23.24116778093152 15.954411821132645 -0.2543801051739802 -0.12245089703750264 11.370742934546376 7.834409473672636 0.22073052447327568 1.1071718022008163
84 840 0 0 0 -23.65788343232073 16.107814375943473 -0.2595728679298773 -0.05262178932282206 11.821826345138868 8.091280054997371 0.22855061470501448 1.083066476238962
85 850 0 0 0 -23.35389117683986 16.206060819783712 -0.2632697516213478 -0.064810367392817 11.099406809187666 7.667145052866495 0.21629471627845795 1.066587457495491
86 860 0 0 0 -23.526012160274945 16.254920621882693 -0.26451805139956797 -0.04119398101390009 9.432968971529474 7.463500792048271 0.1995703546295719 1.039514735234882
87 870 0 0 0 -23.152523092314357 16.378469209402468 -0.287723115054229 -0.0023625705624207086 9.23204090634753 7.439971776945772 0.2116020720380602 1.054620317037112
88 880 0 0 0 -22.411872483570875 16.540811668651045 -0.27213122099541415 -0.08550636079017696 9.35067638943415 7.313392326231786 0.2237271342128426 1.069667330056353
89 890 0 0 0 -21.920493068887495 16.508489901709314 -0.25626355552694685 0.035560815935421514 8.380985239674681 6.513094196123223 0.20187824336312987 1.1152488475272007
90 900 0 0 0 -22.295724786769018 16.424552698035573 -0.2557915073136273 -0.12719546958457165 8.317711272209332 6.406811868443726 0.1886697209807053 1.1607372253460826
91 910 0 0 0 -21.439904313916138 16.480640563091526 -0.29808302133574793 -0.11584777392251022 6.87439638688202 5.797356338917508 0.1639676618785336 1.2303857668940152
92 920 0 0 0 -21.62997053743011 16.411205357621355 -0.27851087200952923 -0.07175045998078934 6.835024496897502 5.822090373743617 0.20929931544615055 1.2547402618429393
93 930 0 0 0 -20.78791419775618 16.415589913279906 -0.278863254698837 -0.06948520188128986 5.672945900072558 5.180748081634016 0.21961851115025194 1.3176715779699277
94 940 0 0 0 -20.18758373885132 16.763604388485422 -0.29896905888079783 -0.10023853782197667 6.1339722629462665 5.383806886851858 0.20507659601007724 1.3363468510690113
95 950 0 0 0 -19.987742080055405 16.677361891426546 -0.2797052439556331 -0.14874307628841887 5.925578553394546 5.616771570689272 0.19338976412511988 1.3677483638970362
96 960 0 0 0 -19.582000172979548 16.647152733486546 -0.2419271072230695 -0.1186525440681859 6.273143475352911 5.598108607713494 0.2005763536597311 1.3253161737940318
97 970 0 0 0 -18.915175932991872 16.860463112603743 -0.24445906810315177 -0.18335587040485715 5.968834473980146 4.910123377371297 0.19152793265213455 1.3255711597629236
98 980 0 0 0 -18.17328160066606 16.98949441963178 -0.20396327731831526 -0.11327795139997512 6.392909870667896 4.6131113299147595 0.19762221604183558 1.2359750560770988
99 990 0 0 0 -17.937690202745976 16.986515527158815 -0.21662846882974474 -0.06425034068704931 6.258168953954677 4.857112641952004 0.18307533761060263 1.2577233438280406
100 1000 0 0 0 -16.05769346825032 17.105473360254106 -0.16436541468691634 -0.1605564066145715 6.068669007644943 4.331029297826057 0.220172369520131 1.3340420637896837
101 1010 0 0 0 -15.799944563272705 17.128996072839684 -0.15689764218371083 -0.09173620407209183 7.532736704145655 4.318098341918237 0.27130428254961014 1.2681842375237886
102 1020 0 0 0 -15.842732637181378 17.257150359372755 -0.18059119780788943 -0.006056521180548738 8.174488987449992 4.146747800820492 0.2644988111679867 1.2001147097302576
103 1030 0 0 0 -14.018958609351479 17.554769911517365 -0.1930678900337316 -0.014548661262567295 5.600430617559071 2.8231554746022596 0.21628863277120808 1.3267950879142034
104 1040 0 0 0 -12.434619043979135 18.102205905770923 -0.13267991352553837 -0.04051642860079348 5.0706890712835 1.7699807811487553 0.22897927134897525 1.3865213627912516
105 1050 0 0 0 -10.971852178648776 18.533252572807285 -0.08227395454974235 -0.2918353442194552 3.6028605684105766 0.41339960695971767 0.25015842396501753 1.4098364860622479
106 1060 0 0 0 -6.849407771365525 18.73249248739049 -0.051650603180980116 -0.4008525945332718 0.15853334695997168 -2.5036871813969244 0.24168473388996753 1.612708474464978
107 1070 0 0 0 -5.906671249154919 18.8295563096226 -0.025087558319559593 -0.3973930855433206 1.7869063565272985 -2.5162505015257834 0.22484920766397146 1.5235989093697935
108 1080 0 0 0 -4.7077813837146 18.806347929811288 -0.07945944921216411 -0.4344615400122387 0.5669487276709615 -3.1530217027455847 0.23384574835652086 1.5839612668394738
109 1090 0 0 0 -6.404533478643394 18.545153543191987 -0.09344933746394954 -0.13314185699056724 2.104194549875866 -2.8826419443444906 0.2672386809631611 1.3850878257862693
110 1100 0 0 0 -4.733344481164359 18.92444192310846 -0.006700224442014721 -0.30859024401061597 2.077521976955782 -3.6575226511029864 0.24691958978733555 1.4492397451029717
111 1110 0 0 0 -6.333451402531602 18.928972055142943 -0.044337937101705846 -0.15305867947903148 0.6790111517751312 -3.6294577859579915 0.24912820546206343 1.4375742098649944
112 1120 0 0 0 -4.788258337209746 18.461276042154314 -0.021149818752845932 -0.0664284175592839 1.675121653367368 -4.038349374526355 0.2537105575765768 1.4664765684164187
113 1130 0 0 0 -5.463002524611546 18.54263666703064 -0.11704063357288277 -0.061483811180854185 0.34764623324985555 -4.018120082881976 0.2294707943484413 1.5480615152948474
114 1140 0 0 0 -6.4657746100201425 18.175780982551096 -0.12935623818386557 0.1433585513783688 2.778663081022184 -2.5241491725943583 0.23615720075117416 1.3257927488011654
115 1150 0 0 0 -6.4682690077885905 18.05565240619391 -0.09210440390917501 0.1528228486144475 1.7622934775455366 -2.781443303788335 0.25594089311302476 1.4266937521723813
116 1160 0 0 0 -7.63758451663209 18.036305761932763 -0.05601891944939937 -0.02717208130386603 1.471705680028237 -2.3129282142102774 0.2770753907003571 1.3109373892521516
117 1170 0 0 0 -5.58185191236352 18.256037891276982 -0.0728482885988018 -0.013372876296368515 0.2060348112852597 -3.715781469058508 0.2338533076243509 1.384934676067049
118 1180 0 0 0 -5.479944369672256 18.386066788800473 -0.08142676456044855 -0.2361857275593976 0.46338832018814563 -3.8317251365984473 0.24301938122607186 1.3853457883392284
119 1190 0 0 0 -4.947729001423434 18.7568041376633 -0.060682897810568244 -0.3452941493839875 0.6850641026567322 -4.600781119062853 0.2064442810727346 1.3636369696576318
120 1200 0 0 0 -4.855539563388815 18.965948080188838 -0.06942793013402172 -0.4294206890368219 0.6719877978132556 -4.632585132533437 0.19688251300277543 1.3518091966864336
121 1210 0 0 0 -4.48116296961944 19.464738535264736 -0.06142723651646175 -0.4922161301731275 0.6953305468794296 -5.041193856883008 0.1981459448342617 1.3522437120689126
122 1220 0 0 0 -4.9320444615643035 19.220996605934683 -0.04587634879622382 -0.41385385594246976 -0.16434799837245617 -5.030799301918385 0.189672530006686 1.3130306726429568
123 1230 0 0 0 -4.905591934265548 18.988336558397503 -0.04834645762760033 -0.18492866467735686 0.27340865472760656 -4.7226707565157735 0.19940508454657307 1.3444756796789334
124 1240 0 0 0 -4.527008089393797 19.38732506345752 -0.056784031088096404 -0.3002485294020951 0.15611792663830842 -5.082967259931291 0.18583558350084514 1.3110520026155676
125 1250 0 0 0 -3.9680051971031545 19.39027775852642 -0.05531841914057337 -0.4598526240821362 0.26556674826363036 -5.612560837198534 0.18587412499520264 1.3396721834423497
126 1260 0 0 0 -4.741100063631799 19.186355312761755 -0.05621475442062654 -0.4882528202101918 0.19876332317522438 -5.606284099330821 0.190706482115572 1.3418977103108587
127 1270 0 0 0 -4.495251388437842 18.945917996770234 -0.045613046396725296 -0.3665264686947184 -0.05090339004946906 -5.380497577864838 0.19366427801055724 1.3400823739229017
128 1280 0 0 0 -4.115468482413157 19.049477641895983 -0.04156004288254803 -0.4418297841291301 -0.03454560642526833 -5.6341701577926555 0.1943329723489754 1.373276279490329
129 1290 0 0 0 -4.584175879424889 18.970652567717416 -0.03519060047053481 -0.536986428845408 0.22707365780225447 -5.283389933891707 0.1996392666107634 1.3677233724169549
130 1300 0 0 0 -4.25432943174327 18.75159110226884 -0.02445194908782662 -0.4847406272727391 0.6855683158669722 -5.301249614680536 0.1994097046005985 1.3697338735877227
131 1310 0 0 0 -4.924499475004675 18.61237893225176 -0.04211441366450331 -0.47779065679182114 1.225679032286357 -4.919167802069714 0.21116158174759964 1.3717159086437714
132 1320 0 0 0 -4.994394481929176 18.50512614198813 -0.05350347311777735 -0.4745323843175217 0.8282933343336124 -4.849986825977751 0.195232985803142 1.3652838227791224
133 1330 0 0 0 -4.279046802906433 18.598803950813256 -0.04921599298693904 -0.47847444949499196 0.5657671514218783 -5.437608670697055 0.1774755285322087 1.3584961702164442
134 1340 0 0 0 -4.517418243050949 18.162706396280726 -0.030212706168798557 -0.49819677808019214 0.9374698498351037 -5.187329446144826 0.20035832274935647 1.387343292751608
135 1350 0 0 0 -4.381824818946356 17.958307846003326 -0.023367298411006984 -0.4551331953518088 0.5461970677484086 -5.332948317428495 0.19816926433602558 1.3892074250718878
136 1360 0 0 0 -3.758213808603663 18.052525019349243 -0.017026774409145604 -0.5181281761681923 0.5017654505054228 -6.060901800479766 0.19285315193246652 1.3645507311537306
137 1370 0 0 0 -3.569688286462236 17.83192341359677 -0.015753705453649382 -0.46003281706492294 -0.321772802918574 -6.508037855042993 0.18971144904885878 1.3844937423620516
138 1380 0 0 0 -3.546733140926332 17.80523037171057 -0.01982174294353574 -0.4165043638764043 -0.030494730148829696 -6.455123629320437 0.19418620857335317 1.3530120085350086
139 1390 0 0 0 -3.2511287994254934 17.861625852871562 -0.02632216622041726 -0.4653999624790437 0.3824445762725247 -6.338361194481602 0.1858463264503892 1.3187246593188962
140 1400 0 0 0 -3.5530184099230135 17.30961823621927 -0.03822248814588922 -0.48603978000902026 -0.04853759110703776 -6.295208832512141 0.19638673981667337 1.3771159592910944
141 1410 0 0 0 -4.0272449268032355 17.08047149778639 -0.012022658405190179 -0.48468534614160363 -0.1622857654417345 -6.210470240591563 0.1933723689154506 1.3882249613368953
142 1420 0 0 0 -4.492059945744468 17.20702779130566 -0.02917302339524823 -0.5036211148729389 0.748882471191346 -5.617033581061655 0.19849360784963044 1.3654644718847464
143 1430 0 0 0 -3.9206338208403286 17.207273205127965 -0.040345015662009494 -0.5554032568465312 0.43909742189780854 -6.306440868588849 0.19000012290764745 1.3532899042052389
144 1440 0 0 0 -3.913357212000753 17.0251241514996 -0.021569849014346006 -0.5149692535122475 0.4495948303618504 -6.4327449094634765 0.1910360166391417 1.3654406733868039
145 1450 0 0 0 -3.662851866885073 16.761503515793102 -0.022144089471864404 -0.5104370699499816 0.360809513725061 -6.573134732618497 0.1978703939712439 1.3540351269688125
146 1460 0 0 0 -3.92003068866117 17.00527180542788 -0.026542511512807683 -0.5640107026212029 0.6507030581056974 -6.448993508071959 0.2024432589880192 1.3353911366101965
147 1470 0 0 0 -4.083833083329955 16.910011850587892 -0.043410830593080325 -0.5956062102002091 0.751489725484122 -6.239607765007596 0.20375150646332638 1.3628924788718695
148 1480 0 0 0 -4.215385232230436 16.662418214375784 -0.03966430093853841 -0.6010280468228698 0.5939814340607547 -6.349996816819728 0.19789772540567158 1.3611448751366269
149 1490 0 0 0 -4.118346730307427 16.480520422267368 -0.027155459758278114 -0.5772885588632624 0.2447698533182251 -6.508126846179278 0.19433804860705745 1.3645683566012878
150 1500 0 0 0 -3.7163007151861844 16.216678559699513 -0.017590134013380155 -0.5906741681445756 0.34067686200418024 -6.870155735154996 0.1939240284284649 1.3502757147138484
151 1510 0 0 0 -3.5621543121346213 16.163000233427773 -0.017745151249858458 -0.5971518447267853 0.14768744802748235 -6.912308181775799 0.18496537415023048 1.353346604467227
152 1520 0 0 0 -3.7688563041461496 15.89998603083685 0.002577074506682226 -0.5618575825895112 0.5139268070269535 -6.913703807386943 0.18766362648780843 1.3360390982160766
153 1530 0 0 0 -3.97947357671275 16.220451873327224 -0.0033523205586345455 -0.49489253201742334 0.2527596393646783 -6.691446189805906 0.18539132414490878 1.3432517269573703
154 1540 0 0 0 -4.135657349064714 16.070025592589968 0.001707401486541263 -0.4651088248748375 0.2541919155045063 -6.675044996482436 0.17954907440327905 1.3375093765459893
155 1550 0 0 0 -4.0915643691294665 15.90406931928337 0.01741059791861927 -0.4494490346661874 0.09657864646348158 -6.899254947488425 0.16942168132951768 1.3282814793505313
156 1560 0 0 0 -3.768165830707499 15.505528250134017 0.014766618918435372 -0.49258803112417016 0.002997087871676532 -7.136096066464745 0.18364403409094687 1.337388009692845
157 1570 0 0 0 -3.8563173357863785 15.293757200120156 0.026785999707071483 -0.4581602217388161 -0.12119714592077865 -6.958908630846579 0.1833478025376074 1.3423734089360737
158 1580 0 0 0 -4.197292715288521 15.190896452454009 0.038560644771628766 -0.4314081924714979 0.25856764975625135 -6.480076879648772 0.18668080547076873 1.3430295029632149
159 1590 0 0 0 -4.241293926483537 14.95908769011039 0.03356569292913037 -0.3795386435780037 0.325617495560279 -6.607832770660317 0.17825725556481087 1.3484598681577293
160 1600 0 0 0 -4.021948562049723 15.169745877187124 0.03634091296463194 -0.3756245379949024 0.06800114631760473 -6.770253112221846 0.16935625159991383 1.3438399599720197
161 1610 0 0 0 -4.135263243398704 14.834732505289418 0.03556325765005501 -0.36246386880916076 0.18374154863477493 -6.766107302577806 0.16681049923679886 1.341219424442825
162 1620 0 0 0 -4.2765015867741045 14.69809870283801 0.03611815443529626 -0.37830631042075197 0.26027778053285405 -6.695492590805053 0.17870334933287668 1.3329455823022545
163 1630 0 0 0 -4.300072592087561 14.328266839383307 0.0379422327961363 -0.38164390089665534 0.0425405592428352 -6.929611241680848 0.17012337092798582 1.337802661018509
164 1640 0 0 0 -4.2140443771692855 13.817319117288672 0.045960544922702795 -0.3737912146087872 0.1825066719795206 -7.028139399289105 0.16889876979269605 1.316186089365412
165 1650 0 0 0 -3.937954048461072 13.184395023787836 0.05510712514838401 -0.3697877325836494 0.017957696604431556 -7.165472882838051 0.1639113950531932 1.3173934978176918
166 1660 0 0 0 -4.106199111842404 12.397549300034326 0.06316888793791178 -0.3277346793948352 -0.46285241296082436 -7.366121347340259 0.15616463826437402 1.3245877600907596
167 1670 0 0 0 -4.242932469159006 12.00215745032109 0.07176213456744493 -0.3958596068971961 -0.48629805978567686 -7.661122448505145 0.1405595725449411 1.3044604628206946
168 1680 0 0 0 -3.748208492604947 11.4098668678063 0.07445724331799733 -0.39686036752840564 -1.2236740067527585 -8.393983640902595 0.13963874436001128 1.3181851718295285
169 1690 0 0 0 -3.957950534333184 10.188674756832599 0.10345735043862558 -0.3738648453582376 -0.964427044637465 -8.719072729429916 0.14000807426160067 1.288268162545434
170 1700 0 0 0 -4.563303809558993 9.909306694359913 0.08336926200661755 -0.3328679747214571 -0.03841635727329906 -8.282680763022096 0.16006440381709913 1.3039820008266358
171 1710 0 0 0 -4.9480239276452425 8.504543665960558 0.09311970966708102 -0.3249750206580933 0.5597456599053271 -8.874482434177445 0.14891079365730642 1.2210183310107579
172 1720 0 0 0 -3.76350313093696 5.933819277428059 0.1515235166430839 -0.45178534919270585 -0.02165963493003642 -10.964995681624458 0.1392458170908838 1.182408911486592
173 1730 0 0 0 -4.426637802632803 5.992018903884147 0.16131252167389767 -0.4921109548308893 2.0716818277377493 -10.273423454719037 0.16009400455348158 1.110329216974989
174 1740 0 0 0 -3.1969194933340135 6.214844300062847 0.16417050141688 -0.4657373188953749 0.1749645847596566 -11.54885677170838 0.12253088859332699 1.0624902914278123
175 1750 0 0 0 -3.3905582900079123 4.149758807439792 0.17018202843549698 -0.35031072270932617 -0.09332930115860716 -11.679077656336418 0.13603030883695688 1.116013044651883
176 1760 0 0 0 -2.7383299106008216 3.3095648683445895 0.19851821229132502 -0.5231141736867595 -0.858011635086614 -13.042319886463043 0.12685472554461705 1.0508924688965333
177 1770 0 0 0 -2.5759603738620913 2.9517180139472017 0.16962037169852337 -0.45900624886960706 -1.292668812353321 -14.235203885268298 0.12835265761976386 1.0370547515124637
178 1780 0 0 0 -4.336752825115037 5.143949472105604 0.14342085605121044 -0.3707699152243243 0.007597485994055075 -12.361731319030993 0.13818080730527327 1.0155962703379389
179 1790 0 0 0 -4.127260288798969 5.326324235348054 0.13481478123417762 -0.4951701359227281 0.12962497285988128 -11.894032896158471 0.1476152127505501 0.9801318199747927
180 1800 0 0 0 -3.8650827424845824 4.941536582848517 0.13722080376361134 -0.4031329310902129 -0.9646026973432891 -12.428919998850699 0.12972182495833123 1.0543889655441523
181 1810 0 0 0 -3.629720257287691 5.16183326100847 0.13370663728154672 -0.45845146507362083 -0.14530387189703575 -13.147890970879581 0.11534962572207119 1.0605504769100798
182 1820 0 0 0 -3.1862787291128005 3.8531198847030654 0.15435836313829288 -0.42178787678801666 -1.0668099498267423 -13.504594072779359 0.11695733855161153 1.123864333038517
183 1830 0 0 0 -2.761711474560123 3.0021945001177515 0.14777338156899572 -0.4955431806865472 -0.12408731959396258 -13.821309146644493 0.12098561164966304 1.0800317553046397
184 1840 0 0 0 -2.8633614187013414 2.419263186006496 0.15939280820427076 -0.5467210241461045 0.5549864315638131 -13.77668562506932 0.11495113788929961 1.0849994495416306
185 1850 0 0 0 -2.2542557520203697 0.5752970552751684 0.18598102713669404 -0.5741480357151728 0.3057376941789297 -14.559586121674434 0.095175602670932 1.1107506544015333
186 1860 0 0 0 -2.417346529877063 1.8949708421606497 0.19736745880440162 -0.5708979878331992 -0.09124419554125812 -14.320446506765288 0.09241679088690753 1.1509392679458597
187 1870 0 0 0 -1.7474585923807768 1.3252875325942803 0.20313528753981103 -0.6015420029070994 -0.7614581499452682 -15.215084677319942 0.08268359734551706 1.1440293538916624
188 1880 0 0 0 -2.1230230724430825 2.592639991164422 0.17734173861244598 -0.45818441379472635 -1.4096586329406995 -14.966639519621943 0.07716102319880418 1.1677954766573324
189 1890 0 0 0 -2.8745131809772944 4.041558972923043 0.1620798975644096 -0.48716862320298543 -0.9654718737392809 -13.55432024352857 0.0849722047441804 1.1930058830506975
190 1900 0 0 0 -2.1218353076141985 3.3373171816882556 0.16305439815267048 -0.5557683278577213 -0.11170936141250909 -13.891243076913149 0.09030650856325613 1.1901640688973227
191 1910 0 0 0 -2.7164703027099906 3.4278796101935747 0.15997688428013548 -0.5603664642945839 -0.07100613994977492 -13.734963875113262 0.09472926809793882 1.2048993301542896
192 1920 0 0 0 -1.9979553369131944 2.6415416041335082 0.184718031683091 -0.5593672565075622 -0.4822412529313225 -14.130477136949652 0.09226706269994385 1.2036123869601678
193 1930 0 0 0 -2.212154344757419 2.3713757378798785 0.1773045241606843 -0.5760023230631564 -0.6993441513656349 -14.290264194869652 0.1000729044709959 1.1779940575879857
194 1940 0 0 0 -2.167705858842894 2.5496882883097207 0.1815939524045323 -0.5471385292114491 -0.809183058257956 -14.416032663464026 0.09831281048358936 1.1852196492336518
195 1950 0 0 0 -2.2169714508963887 2.421458606331374 0.181217364843096 -0.5562778876322237 -1.3366567453327083 -14.675793174219578 0.08996386303554355 1.170638406433624
196 1960 0 0 0 -2.5220341871247296 3.002122994482943 0.16768119156114603 -0.5290755178795866 -1.3196083589023195 -14.226968562188203 0.09175104073982875 1.1672455677644482
197 1970 0 0 0 -2.553149928560754 2.478432380256267 0.17096343796045138 -0.5172079355638122 -0.8590978361123702 -14.482096285567561 0.08660792033442709 1.168158398546492
198 1980 0 0 0 -2.600555840050788 2.779976893568229 0.171396617535216 -0.4998475223160099 -0.791569759877928 -14.218312346406314 0.09253356035466266 1.192641347788746
199 1990 0 0 0 -2.53368893494679 2.935016153296064 0.16674233470555616 -0.4916796455448263 -0.8841080980890115 -14.315559203139822 0.09463910007836332 1.1943082745036973
200 2000 0 0 0 -2.466355526499147 2.875177658906041 0.16786129592903312 -0.4956834531927863 -0.7265728329059553 -14.326877172823677 0.10083825856968955 1.187358411181828
201 2010 0 0 0 -2.546288517931026 3.126447313142145 0.1672622004837555 -0.4955870619553867 -0.8210320094914371 -14.162518984187445 0.09690489040434239 1.1912123548869173
202 2020 0 0 0 -2.519934338066347 2.9283242728370653 0.1796173874506176 -0.5016978596165659 -0.8548079536972617 -14.274697231971642 0.09082405681222165 1.1726849540410995
203 2030 0 0 0 -2.5131768172994153 2.961286578654859 0.1801327967517498 -0.5052368746830496 -0.8531085076158448 -14.422259829400442 0.08827302416535263 1.1559677992190813
204 2040 0 0 0 -2.664414574243551 2.9814102016526474 0.17449371005762482 -0.5181222241381628 -1.0580676701697216 -14.469880751519229 0.08940902052119283 1.1530240405966243
205 2050 0 0 0 -2.486635327474067 2.80634341516906 0.17826797571432643 -0.512185200315918 -1.0324220910613198 -14.671009037091087 0.08706101113470308 1.156729181579176
206 2060 0 0 0 -2.3398118198671147 2.62349028181055 0.17791893507989853 -0.519850026898212 -1.0447646534551103 -14.697056562105084 0.08574199579630423 1.152475256108336
207 2070 0 0 0 -2.2832735567440734 2.6052992338926977 0.1777922789761127 -0.5095933982432064 -1.1345983560143025 -14.68566025879874 0.08781245177845412 1.1506973319065292
208 2080 0 0 0 -2.16815551728636 2.414945375565438 0.1767832816731481 -0.5240213876754871 -1.1413558609722452 -14.834412562020747 0.0884738157289496 1.1468317021750816
209 2090 0 0 0 -2.335040363402675 2.5389981928652685 0.18373457362887238 -0.5197490606788141 -1.1144667123808045 -14.669556839127313 0.08752116328218447 1.1345845559846865
210 2100 0 0 0 -2.3065507326662185 2.6186665555405626 0.17593034581351152 -0.5128880613473915 -1.233881413017429 -14.708827512296926 0.08757886469097984 1.1350316196394525
211 2110 0 0 0 -2.3175030917297432 2.6562252687544508 0.1739395915002566 -0.5150205648064783 -1.2092027946863502 -14.74800568532511 0.08718161620583459 1.1261186953876046
212 2120 0 0 0 -2.2351664051182722 2.5027881511363037 0.17732942647007974 -0.516225165405976 -1.2436527545490113 -14.800713339081657 0.0889320213652715 1.1332845017188504
213 2130 0 0 0 -2.2925570849238657 2.6513756608939443 0.17626815860039802 -0.5246589712064711 -1.1510124197770226 -14.674904190818118 0.08750179239222858 1.128685536570351
214 2140 0 0 0 -2.219252281975532 2.6613090446360954 0.17578032987344733 -0.533237876635465 -1.2890391973507374 -14.72960865681678 0.08550702410358588 1.124668578883166
215 2150 0 0 0 -2.171085792198916 2.6692483532443747 0.17351973391859896 -0.5359134456320996 -1.3044423960489455 -14.82905342971522 0.0860285742087413 1.1182009257587484
216 2160 0 0 0 -2.170204160289254 2.6940098858540793 0.17331058000616145 -0.528918259736349 -1.349467913716079 -14.787038732053663 0.08738757781397914 1.1113882227199179
217 2170 0 0 0 -2.2074889680332364 2.690709374473638 0.17330411459130543 -0.5244222981155956 -1.2717097526850525 -14.739138526064021 0.08657040588351883 1.10927255848005
218 2180 0 0 0 -2.2703225046176865 2.6741862722006537 0.17214092322691815 -0.5200912276554206 -1.2725499768235358 -14.759704122582948 0.08689708700135619 1.112342359548296
219 2190 0 0 0 -2.2722569511804274 2.57074247936887 0.17234511443184297 -0.5249260567563881 -1.2885015468722973 -14.93492591033625 0.0860832682387058 1.1006064219657261
220 2200 0 0 0 -2.2426553574914156 2.5611571572437857 0.17359418435517238 -0.5224123289980824 -1.280380354801283 -14.960379871258025 0.08539524076882289 1.099269000143347
221 2210 0 0 0 -2.250897563728819 2.547749171206523 0.17404846119038922 -0.5190775573389275 -1.3676355630414962 -14.912707768468184 0.08471626842489828 1.0991949423394833
222 2220 0 0 0 -2.3267007425694244 2.6184886717458524 0.1724666368143567 -0.5194028655893141 -1.2846799038888252 -14.790310754230337 0.0867043035236752 1.0911833561022173
223 2230 0 0 0 -2.313655725573899 2.6308421484919884 0.1728284911750049 -0.5186570032043373 -1.2427821232824159 -14.724259485338113 0.08580722639034086 1.0928966066632078
224 2240 0 0 0 -2.295744336864671 2.5727292016773 0.17317642232128103 -0.5153442613224858 -1.269257276207217 -14.891575072786999 0.08430013688705305 1.0966177650554079
225 2250 0 0 0 -2.2311551698656547 2.5238166717220554 0.175417595025802 -0.5157671593282761 -1.256109943412162 -14.949156255756808 0.08356211376927988 1.0924872179568181
226 2260 0 0 0 -2.2453876114985962 2.546657693297676 0.17322299325623297 -0.5183163345684649 -1.225078203188389 -14.914919789790316 0.0849761834725096 1.0952656484936072
227 2270 0 0 0 -2.2801828592751407 2.5954628938014843 0.17352659804169923 -0.5190509308225625 -1.182047105558261 -14.843417081593007 0.08605336126594815 1.0925164281514719
228 2280 0 0 0 -2.29097947588836 2.5785669695986067 0.1727933863664253 -0.5187063798096537 -1.1525192801978885 -14.867107958953023 0.08709132465784632 1.0956360850424562
229 2290 0 0 0 -2.275050381887332 2.5751541137249925 0.17344875827544634 -0.5149776741899517 -1.1652948026878416 -14.88204490893586 0.08670495781010525 1.096488066494587
230 2300 0 0 0 -2.274689360390193 2.6043292949097214 0.17301017597979196 -0.5167744319744351 -1.186815270009989 -14.868333957662909 0.08591871682207729 1.0943228480674705
231 2310 0 0 0 -2.3172093019148217 2.5999410343925873 0.17359490985434 -0.5160970357489291 -1.1999893545808384 -14.90116223836777 0.0859982097935261 1.096150939569374
232 2320 0 0 0 -2.2970379442074664 2.5790457654737633 0.17321138134329994 -0.515683635029952 -1.2506573813415953 -14.934564197708912 0.08547753086682683 1.0977026270397998
233 2330 0 0 0 -2.305419670808881 2.582304883378576 0.17244727152647538 -0.5146743013698476 -1.258204882104034 -14.960674031314875 0.08561256394957963 1.0969575279868669
234 2340 0 0 0 -2.2995755700117084 2.58400658732903 0.17211322617381014 -0.5149053823393637 -1.2305810994598463 -14.93237781196685 0.08581041838172629 1.097539112441635
235 2350 0 0 0 -2.2962384645011054 2.5747283211067153 0.1721270424047085 -0.5148728912817969 -1.217440328484614 -14.955066237688762 0.08567082570347692 1.096144977282819
236 2360 0 0 0 -2.295213353205425 2.5732834976437418 0.17221690593209338 -0.5139568802802644 -1.2315550956360062 -14.966773604093861 0.08565196969610259 1.0982194911701617
237 2370 0 0 0 -2.291568255518596 2.579617065757477 0.17245789745809273 -0.5140144777449812 -1.2151893647373133 -14.95166414767808 0.08539886748582891 1.0982930962019029
238 2380 0 0 0 -2.300629814054959 2.5862324057253905 0.1726964518309257 -0.5139682672388687 -1.2313559806570953 -14.965722703419818 0.08535453171441644 1.0975314912473837
239 2390 0 0 0 -2.2832220455959518 2.58230000600348 0.17231848026639435 -0.5148469458664298 -1.227210116967958 -14.968315078019666 0.08594737690165563 1.0983101080468332
240 2400 0 0 0 -2.2852165229742494 2.5867213839277077 0.17274197506791344 -0.5154658671055113 -1.235489807506247 -14.9694588106871 0.08571644411335468 1.0988643456832963
241 2410 0 0 0 -2.2883274237298763 2.578128518310653 0.17287926205717066 -0.5157132263610296 -1.2129464178464313 -14.99382764056737 0.08570972342451258 1.099700866326196
242 2420 0 0 0 -2.2856893904834736 2.5798731802322137 0.1729316589808397 -0.5161487232255395 -1.2436444977138608 -15.002363592253307 0.08557881907421136 1.099557187667368
243 2430 0 0 0 -2.291552591412363 2.580627344807795 0.17299318510415007 -0.5157746915996095 -1.2308606836793639 -15.01080283723014 0.085481762362427 1.0987153459638623
244 2440 0 0 0 -2.2945564954972175 2.59228532609887 0.17284898332726492 -0.5158719124560305 -1.2289601906173067 -15.013535393662474 0.08579196167228084 1.0984063635279213
245 2450 0 0 0 -2.2978708535326833 2.589429983091481 0.17280070000224199 -0.5156402611715586 -1.2138527600489992 -14.998264016064201 0.08589372476543727 1.0987033878778516
246 2460 0 0 0 -2.292897061471935 2.5880487577663382 0.17293608509475428 -0.5158086452396908 -1.216387776491929 -15.010238918482186 0.08574448034126093 1.0998828564426728
247 2470 0 0 0 -2.2968919259900575 2.5944678308416353 0.17274617018585417 -0.5153483726950524 -1.224805791735389 -14.987996486610722 0.08588935509028832 1.0984304347845617
248 2480 0 0 0 -2.29756807031996 2.592136314525267 0.17281724801459733 -0.5156055376577134 -1.2140137798957475 -14.985916453850606 0.08579859273696017 1.098544920121559
249 2490 0 0 0 -2.2997946181984155 2.5921620723874685 0.1726287026736523 -0.5160685622710219 -1.2088971379286704 -14.986878752033194 0.08572225104000555 1.0994159044430911
250 2500 0 0 0 -2.2955412204959087 2.590874301169483 0.17269201924449593 -0.5162645436882489 -1.2094261412496659 -14.991837747830534 0.0857409696534864 1.0981734807021661
251 2510 0 0 0 -2.2950713846400994 2.5854201105581103 0.1728362700570214 -0.5159612768944957 -1.2171888414069054 -15.005772078416003 0.0856201213485445 1.0981428879864215
252 2520 0 0 0 -2.298806573887274 2.5864983543116042 0.1730072592760108 -0.5161373633577002 -1.2135689269508443 -15.00347052870385 0.08561920049668321 1.0983613413623239
253 2530 0 0 0 -2.2992525582895644 2.5878139639630184 0.17312540139695604 -0.5160103722583633 -1.217142702322804 -15.001794080241215 0.08544981653939916 1.0986745164490506
254 2540 0 0 0 -2.2923527306536515 2.5872867060129354 0.17303679607925684 -0.5164604042555399 -1.2228827481540412 -15.001498475200885 0.08558080962925771 1.0992864609514934
255 2550 0 0 0 -2.298512067180819 2.588949977385325 0.17298579768519676 -0.5165874992093779 -1.212972057681237 -14.996535131310102 0.08573833539386373 1.0995508642137513
256 2560 0 0 0 -2.2963329524275786 2.586443511446071 0.17298026048705728 -0.5164440585312859 -1.2213755623034865 -14.998229188906883 0.08569825788192582 1.09948514997754
257 2570 0 0 0 -2.2967595299757866 2.5870809060436564 0.17300394544954018 -0.5162988508447759 -1.2189611084115124 -14.996845302200434 0.08570710670737706 1.0992999829354064
258 2580 0 0 0 -2.2989365425552046 2.5882058655606297 0.1730212049592219 -0.515939329343229 -1.216126868072517 -14.996575150105482 0.08557346073918662 1.0994103685563261
259 2590 0 0 0 -2.2988249893031965 2.5880286809221134 0.1729237270041457 -0.5158356007935084 -1.218091704973082 -14.996982317870545 0.08561713716714076 1.0992325177501647
260 2600 0 0 0 -2.2972712717348407 2.587211854481442 0.17302986779972124 -0.5160386076824937 -1.213690229677901 -14.997157629243517 0.08561432780964587 1.0995529351398117
261 2610 0 0 0 -2.2978365593973105 2.5885393787942768 0.1729752664685624 -0.5158618310409714 -1.2187848885219692 -14.998835239340483 0.08562801790746749 1.0994904744307397
262 2620 0 0 0 -2.3006224787666647 2.5892432547945416 0.1729241101235794 -0.515915553154913 -1.218149900262554 -14.997315950460498 0.08565743421374747 1.0994643675483444
263 2630 0 0 0 -2.297544732258532 2.587351035397274 0.17290786468340935 -0.5158662319190584 -1.2207630211440592 -14.998034882590128 0.08562694263914376 1.0994090158757175
264 2640 0 0 0 -2.2973295486910033 2.588487880772552 0.1728883512477258 -0.5156855378818088 -1.2217051601134372 -14.998516539198032 0.08561964426658625 1.0995409254315254
265 2650 0 0 0 -2.29758587178019 2.589828320084432 0.17285170291612684 -0.5157634656646419 -1.2193537805256844 -14.99677653503467 0.08570277360478963 1.099786964478397
266 2660 0 0 0 -2.297604924425869 2.5886296211771525 0.17290345870688434 -0.5157785620786272 -1.220187503873853 -15.0015800682904 0.08565781282592769 1.0998042597575566
267 2670 0 0 0 -2.2977508496194763 2.5897017664696746 0.17286835671512335 -0.51582987892143 -1.2199671257581022 -14.99851353490426 0.0856849805811163 1.0999405591422111
268 2680 0 0 0 -2.2985473200155244 2.5907824870530107 0.1728377376678475 -0.515712894857981 -1.2188504296232137 -14.996495367616422 0.08569753945528699 1.0999852412499853
269 2690 0 0 0 -2.297363799107461 2.590242754010807 0.17284617127712848 -0.5157434392211783 -1.2206822542174713 -14.998707944148281 0.08568014592093241 1.100044849663965
270 2700 0 0 0 -2.2984463339322287 2.5896741800666776 0.17287115373682388 -0.5157133641437476 -1.2188126341550485 -14.99768861088154 0.08568239579342986 1.099927077201814
271 2710 0 0 0 -2.2992993116578435 2.589446974249871 0.1728700270925104 -0.5157420226173385 -1.2173679488620481 -14.999494255107825 0.08568554974536435 1.0999418754670853
272 2720 0 0 0 -2.297436497337136 2.589210837180624 0.17289428926916675 -0.5157851793789465 -1.2194910958317815 -14.99992691836199 0.08566641838533523 1.100051915900262
273 2730 0 0 0 -2.297720787357399 2.588810639232124 0.17288162828592146 -0.5158257399410354 -1.217642898870251 -14.99933499223253 0.08568919889964464 1.100072985284688
274 2740 0 0 0 -2.297522751860469 2.5883299567231344 0.17288308927327356 -0.5158450263669968 -1.2191626355563465 -14.999936662002485 0.08567921029229103 1.1000057280111615
275 2750 0 0 0 -2.2973535520712045 2.5886522656458255 0.17289230342490408 -0.515782220790874 -1.2190846587224196 -14.999563929160841 0.08567888773231161 1.1000854272711962
276 2760 0 0 0 -2.2979938341833095 2.588983646975736 0.172863937844498 -0.5157558614207369 -1.2192539184990179 -15.000588934007741 0.08568404238156142 1.1000737106059422
277 2770 0 0 0 -2.297685820068715 2.588770173291758 0.1728747282026067 -0.5157489295350781 -1.2197032118312874 -15.000614437328919 0.08568683073694908 1.1000613921773579
278 2780 0 0 0 -2.298059441227449 2.588820024416171 0.1728753511649482 -0.5157559662201878 -1.2197397576990854 -14.99981480120529 0.08569332561884888 1.1000010981911228
279 2790 0 0 0 -2.298140280201375 2.5887401864861563 0.1728872289557404 -0.5157583431317895 -1.2195130012015123 -14.99919957669033 0.08569251219465726 1.1000103258656215
280 2800 0 0 0 -2.2980768268946696 2.5887851326621854 0.1729000061344002 -0.5157638711443439 -1.2195993383437076 -14.999072431140755 0.08568283983380473 1.1000512421873334
281 2810 0 0 0 -2.297681427571942 2.5885065187512497 0.1728909004756847 -0.5157678747521489 -1.2194078779823836 -14.999740709020523 0.08567968577692715 1.1000385317645787
282 2820 0 0 0 -2.297203220547478 2.588345357001667 0.17288529170893888 -0.5157995048720337 -1.2192177364371932 -14.999760998823815 0.08568603736395533 1.1000370391507421
283 2830 0 0 0 -2.297216281710281 2.5885676038526655 0.1728836406721087 -0.5158015318018638 -1.2194231040337074 -14.999719559338809 0.08568767534518107 1.100032305457242
284 2840 0 0 0 -2.297465230855903 2.5887542804005697 0.17287688503766807 -0.5158058861045322 -1.2195408423107994 -14.999834745282863 0.0856806629489246 1.1000250206757323
285 2850 0 0 0 -2.2971343372020607 2.588970620260602 0.172876833344404 -0.5157976232401456 -1.2195491867192927 -14.999749815414042 0.08568739711280599 1.1000648307172023
286 2860 0 0 0 -2.297432531970928 2.5888976481269133 0.17288592779061965 -0.5157721618941445 -1.2194886261643583 -14.999694942940483 0.08568050354926929 1.1000456452336633
287 2870 0 0 0 -2.297420659468525 2.5888746999150483 0.17288884376150665 -0.5157831910293469 -1.2196633214539085 -14.999996820405686 0.08568089476005773 1.100039659601427
288 2880 0 0 0 -2.2973034619115493 2.5888382932730423 0.17288549914816703 -0.515812626297544 -1.2196307006070368 -14.99993478631524 0.0856800393267043 1.1000413398487994
289 2890 0 0 0 -2.2974310188316056 2.5888559604605725 0.17288134090644117 -0.5158128667097771 -1.21953137979301 -15.000125655493818 0.08567452569070837 1.1000250385242512
290 2900 0 0 0 -2.297249709111402 2.5888245917871737 0.1728789838293903 -0.5158271271897075 -1.2195057826441564 -15.000314010729694 0.08567473053623552 1.1000146832357092
291 2910 0 0 0 -2.297254631398313 2.5886227618324895 0.1728861113222092 -0.5158180421350327 -1.219364249129427 -15.000293394639831 0.08567074867034591 1.0999745611640277
292 2920 0 0 0 -2.2972753653281446 2.588629100128855 0.17287905668452974 -0.5157967855066589 -1.2195131800158387 -15.000307878271348 0.085673909701054 1.0999705717962731
293 2930 0 0 0 -2.297374400625422 2.588681740129284 0.17288032697437505 -0.515802201289244 -1.2195868834570858 -15.00050078502292 0.0856706177578923 1.0999446495336878
294 2940 0 0 0 -2.2974218352885893 2.5888146786177257 0.17288199925075978 -0.5158048637443196 -1.219580095368125 -15.000295602816001 0.08567172878964467 1.0999465179808448
295 2950 0 0 0 -2.297475512847464 2.588920455632366 0.17287922571205633 -0.5158084808076338 -1.2192544714755686 -15.00015632591612 0.08567784937439306 1.099951039631396
296 2960 0 0 0 -2.2974524757670927 2.5889410444692524 0.17287951834015955 -0.5158060887712878 -1.2194961017358095 -15.00034117829641 0.0856711347232655 1.0999379070268447
