% # columns="iter, evals, sigma, 0, fitness, xbest" seed=465285, Mon Apr 20 10:59:20 2020, <python>{}</python>
1 10 0.45360158084147123 0 350.8884822298754 -24.428183908893082 15.758479426053459 0.13773589222760418 0.4050457247851716 22.156095894190575 11.786809134852392 0.28665499817871043 0.7409524307175925
2 20 0.46493332381192265 0 349.3498245970897 -24.799105439404755 15.609071802786232 0.30304521938224604 0.5151214469902211 21.62316834523611 11.876027077636932 0.2081302155127931 0.9806192554824548
3 30 0.49820685624804595 0 348.70132714993974 -25.21589824592233 15.89642551724802 0.1417356209844587 0.0819932234386127 22.056147234723298 11.565546696421007 0.572538886381761 0.9959448875426474
4 40 0.46724116800268817 0 348.83257143264825 -24.259981413522517 15.322672529511465 0.03209815106740667 0.4984008646792333 22.22212385698343 12.136788910345633 0.27878482153176865 0.9996105739734478
5 50 0.44059113806624056 0 344.1765376937516 -23.883459415345932 15.78567478553496 0.09977980554793606 0.00017046831212337568 22.457016164476613 12.560152915556323 0.191664698907194 0.9408475751381408
6 60 0.412355622730927 0 366.56857524061 -24.950742572606412 15.321670377879116 0.526504453831165 0.014777178016466589 22.46059346454602 10.96268423907053 0.23382133830692947 0.9590089489693556
7 70 0.38746740931800383 0 350.04224716964336 -24.130773394513437 15.902433123570605 0.03734941648645195 0.3866990502357748 22.03291122860508 11.371053078321394 0.24580764894521284 0.9141369654440241
8 80 0.3654295939957235 0 355.07361996458206 -24.531611201931995 15.788698521049792 0.42933598073392765 0.01754147702807277 22.509129482329662 11.284012579637455 0.3368059412111713 0.9897196485602265
9 90 0.3478137632167861 0 341.74347219705123 -24.39913956975493 16.101131658233363 0.21934559644352045 0.08932585752616184 22.329480006906934 10.990883039709978 0.42019341118181863 0.9620541687620208
10 100 0.36624621712764804 0 339.7529801996343 -24.80813741894653 16.34598359814648 0.2393128597299916 0.15963845185783115 21.956065435490537 10.859161807281572 0.3524217483292718 0.9916481629207674
11 110 0.3309084920540218 0 337.00211428163925 -24.61788734731224 15.53203557149989 0.19827768327466577 0.05751911271859733 21.766970033458076 11.710916773945705 0.34111886053120166 0.9976291922111226
12 120 0.31128182946053207 0 339.43619594917976 -25.21088271979606 15.712292837251674 0.09540088363907033 0.1710960501716119 21.972584168470906 11.169650962042201 0.3466520844519731 0.9991241541015908
13 130 0.30396593382359954 0 342.29928918170526 -24.465139326583074 15.543398790961907 0.15273423839886607 0.019584361636089856 22.02431583200274 11.700608973944115 0.18575353026508412 0.9683748704666354
14 140 0.2855063272083667 0 338.8356784839593 -24.885619600864963 15.743784277111942 0.27132873580785816 0.04117250176811234 21.351833083011623 12.128169799611154 0.2840693067018241 0.9982761006554318
15 150 0.2524118999914464 0 340.6788276374113 -24.526888432891884 15.761020718217894 0.12075340452011105 0.009337422293793588 21.614100159997527 11.533354805247246 0.4539852646387482 0.9378868841237322
16 160 0.24064702592740425 0 338.8308953264332 -24.61604190877748 15.654482240133014 0.17505968394524463 0.0046472825966415885 21.2185626349659 11.60508358910727 0.4334605208076995 0.9853655717118336
17 170 0.23546084090618263 0 345.5671351862586 -24.61036677833758 15.574976090562203 0.2834395400284071 0.07321845022341966 21.572046079123286 11.315929757000655 0.3335886670903537 0.8642045509851217
18 180 0.23056681649157565 0 335.6278979178143 -24.573454269805065 15.817422455632817 0.13432838445836678 0.10273519195775149 21.123295437179095 11.107993444208246 0.3340947750218622 0.9995079520197453
19 190 0.23521002637938931 0 338.379691087035 -23.781323902385918 15.647207255777714 0.08481313120130096 0.1796689978798609 21.833355241574793 11.713512093567662 0.2859596396415529 0.9947613674924355
20 200 0.24563209476302947 0 340.1389362548831 -23.65954376614364 16.322010307875967 0.2254178511200684 0.3864297527241215 21.821191804460483 11.403457439118823 0.29795352204931697 0.9993339551196458
21 210 0.259023335609828 0 338.10476522463364 -23.50453829947816 15.804514245090104 0.14368698098517738 0.24498244837574684 21.923307131380422 11.471362915905441 0.2529159254939956 0.999351093869169
22 220 0.23914317511787442 0 339.4548351197156 -24.4091449843497 15.2587518505227 0.2779840856913879 0.0844698367691882 21.124854606020254 11.727525615203476 0.31671449870815727 0.9777358465964965
23 230 0.23198615153500982 0 336.0616067079028 -24.065886706626685 15.090275424613498 0.18229352697338663 0.023167296337366673 21.354629804124706 11.686364444176164 0.2790499208061206 0.981877978614901
24 240 0.21314425720642674 0 339.09202691246736 -23.960137926239636 15.560211782242282 0.10522496588139582 0.02727937519005661 21.65902150255096 11.664477130027707 0.313096688842112 0.9146572973027496
25 250 0.19669856663958088 0 336.6182373445983 -24.152380700931445 15.291408183923485 0.21620045405535582 0.021523507161702267 21.60562158224332 11.772213155515706 0.29749663356382156 0.998516153385657
26 260 0.17922254566094167 0 336.0216745627969 -24.006872092136735 15.346574145401984 0.11072962293014812 0.00035189319442792926 21.82377324122832 11.841240479379445 0.33413865366290196 0.9971902788044977
27 270 0.1595571326661712 0 336.1682201223546 -23.889788459537577 15.584960166280025 0.11370112950944383 0.09421900465779753 21.581364173036622 11.767439682511753 0.31884741878694933 0.9860356039855568
28 280 0.14277193854132167 0 336.1781697863197 -23.90049354212158 15.46714811669928 0.1760348991120892 0.012141884136085586 21.487445866920837 11.753425022566296 0.25880841292404516 0.9889495139528781
29 290 0.13503538683013866 0 336.79073697482494 -24.160976740805822 15.304038990792474 0.21127668313153997 0.07573866837050225 21.602352129925322 11.666251775486769 0.29456081927501765 0.991959850257572
30 300 0.12989790328715742 0 335.46023646696096 -23.934519229085332 15.462705694994206 0.17474113283201997 0.021070001715119614 21.530590701472622 11.492167799515135 0.29071447615740925 0.9999986644042839
31 310 0.12776202718543106 0 336.01066437351477 -24.039372879136685 15.25590783350093 0.15474314840836378 0.10632258771844375 21.72178312448908 11.659339645945801 0.3457833727993562 0.9999869736919335
32 320 0.11582541961582193 0 337.26743533235833 -24.023639279852542 15.279359551778025 0.09965425101554695 0.1579262311755464 21.647459298042122 11.57821147082379 0.358409573607697 0.9964807989494003
33 330 0.10663268791832184 0 335.88156645202093 -24.111608733016666 15.222001560554705 0.1598287123117323 0.07651976593265364 21.667882997601073 11.718522994946667 0.30424698472053086 0.9954732112066572
34 340 0.11221015257576267 0 335.7090819617973 -23.787012617831536 15.30923673504601 0.13469133619326049 0.0018275943800283197 21.894625929597442 11.860229307848888 0.297758825796071 0.9988102783167365
35 350 0.10204712344740761 0 335.8544358767549 -24.03327225190042 15.319368829316716 0.15052000310216224 0.06476878656368695 21.67883829331876 11.61178202377235 0.35649895520321573 0.9996125507749024
36 360 0.09171914144484904 0 335.2658225578682 -24.173622755358856 15.368205614254446 0.14827933819438296 0.0030924257072414366 21.49996484666851 11.651053023907764 0.29817842389360727 0.9993570761531304
37 370 0.08597516052917846 0 335.43211426166965 -24.129862136783927 15.30331610377911 0.12618184981110792 0.01436005997264873 21.481708215368666 11.586719197390106 0.30119983126512784 0.9998562680336726
38 380 0.07503021285907671 0 335.23205084653205 -24.163859184886164 15.347702356802685 0.14641916713811476 0.0035446802618241233 21.52847012308919 11.63206670328255 0.3187449782924121 0.999502920857199
39 390 0.0717488309982374 0 335.3618175689645 -24.07262131995164 15.420381668191121 0.16448292814994397 0.010770970967202503 21.466951572181163 11.540845058898663 0.340210764275728 0.9988275933526986
40 400 0.07282814585981434 0 335.17864549127904 -24.011101180295977 15.383235358185335 0.1361112782424824 0.04225506258588013 21.446199202593228 11.500529666417233 0.3295080767346012 0.9992187258511456
41 410 0.08035519794359564 0 334.89049330547283 -24.032511210798795 15.425471764633631 0.14651546299497364 0.004995481213305525 21.29693931973241 11.458753665570274 0.31148072478073435 0.9964233126664569
42 420 0.07927289376704898 0 334.9765519136222 -24.04216616482691 15.345453999734707 0.13533733865333394 0.003691861870091817 21.389569239177447 11.527832441265677 0.3116197740845885 0.9997782684732129
43 430 0.08098127689379148 0 334.79086104779594 -23.936830339744727 15.56296089102104 0.15178127934985985 0.0041989135934344295 21.382542633445297 11.634729743559394 0.3077092691024238 0.9997417163461508
44 440 0.08166174868331409 0 334.734306276496 -24.077152693675686 15.515906372451145 0.1561001433741543 0.029376112279053145 21.241970140495592 11.63539148919604 0.30965591319274355 0.9999242471269042
45 450 0.08327032766018788 0 334.5749321647123 -24.139926914065192 15.422452588263637 0.15253166460883089 0.002179089057860273 21.051346507751678 11.436362600255096 0.3331946891189671 0.9988610845147495
46 460 0.10236041498060368 0 334.3203264095937 -24.327979229374684 15.30469765046826 0.15458394268886244 0.008201518485933472 20.80432235583357 11.412049636268875 0.3246701970714122 0.9990871002194591
47 470 0.11172196873133314 0 334.4641359464424 -24.049320607109713 15.35222010629191 0.16202613889192558 0.0028389421146498427 20.87990655859438 11.53700719852565 0.3398582233474151 0.9966236152070282
48 480 0.1158643136677156 0 334.271921397497 -24.098920586714044 15.386016954867578 0.1300043823128798 0.016475254203057375 20.762402942642886 11.305564235303214 0.3404985273127753 0.9987343351316279
49 490 0.11142720578789181 0 334.2881049929162 -24.32349507367711 15.19480958444637 0.1620052659870852 0.047208942916212936 20.61822200753674 11.271298313621363 0.31764985103191284 0.997554481113657
50 500 0.10770052472940787 0 334.1372266638969 -24.168190753306344 15.292462544733953 0.15137121382849933 0.010840526829046517 20.802399860330144 11.411764332980075 0.29673856317366454 0.9999708839146504
51 510 0.10615133169297741 0 333.97121713401657 -24.151338518220125 15.36543988292884 0.12189887642950137 0.0044257087025613125 20.586621622497976 11.387799616936126 0.30948443136939197 0.9988959553913358
52 520 0.10647559304529143 0 333.6690674584793 -24.27934610528646 15.360681196642291 0.12682454310457966 0.00017560166531133727 20.335353879793896 11.243939134817511 0.30789080677277747 0.997870382834781
53 530 0.109641742670362 0 333.5081117187184 -24.465958112567982 15.299185643023543 0.1482703866020098 0.005446864200181986 20.227974050739768 11.313276703187986 0.315530322505975 0.998811936505706
54 540 0.110857289313014 0 333.37502382188916 -24.006662675574116 15.49297152212354 0.14150226089865728 0.006879414726162688 20.47012894479133 11.395622968920906 0.3145004525666532 0.9999354646597802
55 550 0.0998111882737691 0 333.3893663782052 -24.063227043233784 15.476365524836714 0.14239138904145207 0.0001563306406143538 20.43310882678556 11.341894506969588 0.320459550517725 0.9997832524393925
56 560 0.08794682579699024 0 333.57466035273535 -24.234523734227253 15.434514025616116 0.13740843510821293 0.0008546544373794888 20.450746297195217 11.429331753142389 0.31972449548143306 0.9999859658896588
57 570 0.0809855534626547 0 333.2534388687854 -24.28517759585663 15.497004344779986 0.1630654280382312 0.0016405245110611185 20.196861315186823 11.275339661214291 0.2921158762450104 0.9995681871581629
58 580 0.08410586050063658 0 333.2765902878683 -24.200267072306563 15.411005194182632 0.1298224247301077 0.020490856315021847 20.13469223692433 11.186411139942342 0.3192612712863539 0.9997704615548666
59 590 0.07862919755616296 0 333.28395829656563 -24.046197005100538 15.460154325974802 0.1492871509312509 0.01994910881843537 20.23692255174949 11.247839083410694 0.3301851866923167 0.9987935606806881
60 600 0.07403362868841017 0 333.1293129145571 -24.05412762382634 15.460337114367226 0.1321720921946282 0.002394603578471985 20.232725761447696 11.236454362404656 0.3124223735782478 0.9995909785670792
61 610 0.07177512860500812 0 333.0230397904396 -24.054687748429604 15.450848394442584 0.14288963776423824 0.003370999505839289 20.202698138584218 11.194042473544938 0.31111030877352114 0.9999516189396159
62 620 0.07009831268024538 0 332.8421410084451 -24.131318020471607 15.424635562106662 0.136573860683748 7.150856908906712e-05 20.013532204263445 11.089801773089903 0.3010022737047978 0.9999999844503757
63 630 0.07498409261293729 0 332.6113688126661 -24.11566344820772 15.437239663051953 0.13816914566085498 0.004515001475154547 19.869651182366066 11.068723070502413 0.3035611554527591 0.9995482950067238
64 640 0.08948052043556763 0 332.2924995838197 -24.09857567743251 15.603491080719428 0.15861973579974337 0.0008836901525588592 19.648251869919015 11.079692602955877 0.2825598320058276 0.997252504425573
65 650 0.10510408509591758 0 332.1387563690745 -23.977002007700825 15.618975837960123 0.15511168693221067 0.02420255269015242 19.627621557900866 11.043993481507004 0.2959485085146612 0.999169962969908
66 660 0.12154420667959422 0 332.17655241913394 -24.13553443270394 15.566358901151636 0.16972047341668933 0.029844966956873425 19.346779182392865 10.991740627245793 0.26848103056921024 0.9964010664624361
67 670 0.1368747404435698 0 331.53417656734035 -23.797845239577182 15.50115344832625 0.1299311811210638 0.00552702414608719 19.29880957577044 10.804112128412463 0.2894741298902499 0.9994399282992406
68 680 0.14576377516751016 0 331.115162528287 -23.851705918248935 15.64597098642597 0.13568820167041726 0.02119675384776487 18.97210818724647 10.808330685922229 0.28145816524229045 0.9979261116784497
69 690 0.17155477555207851 0 330.901370813399 -24.26070685853297 15.557684783307785 0.1635014439142613 0.0043575374446093796 18.689138463292664 10.843187119475301 0.2851121386762064 0.9999874257889495
70 700 0.20260979462181353 0 329.50376154375806 -23.64186220483318 15.756217830784323 0.1638068046861606 0.043001691125343355 17.97307487795813 10.380083915872376 0.2848760212866632 0.9997400711107984
71 710 0.2380663957188774 0 328.67816933480606 -23.97031608491316 15.87885215961939 0.14799188773823554 0.01658654422992961 17.27180727171166 10.321352313255524 0.2513575064876879 0.9991396374124881
72 720 0.29377537966721157 0 327.96673875483555 -23.736341984937877 16.065160472497123 0.18786658876219592 0.008502320758026264 16.202285020810976 9.79898531661138 0.30434217105762607 0.9921423742427369
73 730 0.3133544201455726 0 328.24655747371827 -24.019122537003998 15.775958654116469 0.1866943073880859 0.08126041065579902 16.06733399433969 10.06717286308239 0.23961211721187867 0.984605253832014
74 740 0.3412444142727494 0 328.0571489346671 -23.97170192266954 16.054610568328727 0.1483598097049556 0.16319680242597062 15.203092059757115 9.383466954292901 0.22962411927373816 0.994266541129772
75 750 0.3107511582083723 0 328.42346863861053 -23.748379985011308 16.057645323348343 0.16247103201330193 0.029858083310773467 17.073761075032785 10.039323484128213 0.23963768877374556 0.9993644860250719
76 760 0.28937587698061434 0 328.42078719882005 -23.31130797649726 15.704108506021292 0.19099117314370695 0.041301314504317135 16.911897213438078 10.013623355431701 0.3022485839214432 0.9997938085243075
77 770 0.2702075436506454 0 327.0264622553534 -23.96861831926019 16.010630709530353 0.1539860898148689 0.0206043576470619 15.992002296631057 10.05915409898766 0.28347095541881107 0.9979377373605357
78 780 0.2934516696384557 0 325.92731395112554 -24.00030699930121 16.052097986118177 0.1804505301181889 0.025569001394435766 14.28343310589635 9.659054280732475 0.2924952446523137 0.9969616753996645
79 790 0.3080533307224239 0 325.88751478144496 -24.25562536704881 16.056474524602027 0.17203042448590566 0.02311754297098209 14.115352284875444 9.577839677799874 0.2711943075451293 0.9774699227867409
80 800 0.3192714268803617 0 324.55846002804935 -23.162476030138315 16.233353160567834 0.16349709516327238 0.00017936317355420024 14.496890867391222 9.120742773804691 0.29599040536693644 0.9997822648020468
81 810 0.319571051677075 0 324.02527096776976 -23.584401279997714 16.189283699497608 0.1892278233364666 0.0011918314700585975 13.553804522661505 9.060410456188968 0.25797713290551744 0.9983109439593693
82 820 0.33310258605287685 0 323.38190877734905 -23.498471477968724 16.229743340114467 0.13706859436865274 0.0002576274041799638 11.959286744279837 8.446964147386645 0.1813891437075507 0.9507889939928839
83 830 0.38703196770355214 0 323.0636780661687 -22.82587419607579 15.809756258557698 0.13199149941610058 0.09615466339390905 9.774131862154507 6.747404109294369 0.18220806214380658 0.9944007647970261
84 840 0.3735002842239567 0 322.8491477505943 -23.91966615635671 16.065659843051506 0.19186067836421616 0.0032008365400657698 10.57847052208926 7.73479550142345 0.23814139849137816 0.9999987268260545
85 850 0.3608041455458872 0 321.781664158602 -23.564708108121867 16.270705739637474 0.160282391945254 0.0015413739439512652 9.881230725473092 7.402020788120927 0.18771320386286705 0.9917215797167493
86 860 0.37124455786772875 0 322.07815456603265 -23.795908155243456 16.341516479077566 0.18640320972862168 0.003693611826615356 8.822385892966286 7.6544404998318 0.2013619507361331 0.9921085495685482
87 870 0.38018041522833285 0 322.2591189033234 -23.28614050895599 16.564365558645946 0.19068731771296077 0.03631558545154708 10.915644882597821 8.111409959622325 0.21417736769144782 0.9528734044521687
88 880 0.429394504329652 0 320.01711000801635 -22.376952591281547 16.832359836674588 0.18971081194820189 0.021689122129910504 10.20108489642408 7.512518092308028 0.2128052888673567 0.9968396622355684
89 890 0.4677750466577996 0 319.0303722095735 -21.836008825300567 16.267500973728804 0.1100875643125449 0.011612630560376494 7.8924099651844575 6.61040109278409 0.2127690035766133 0.9632915339247327
90 900 0.4414596951620167 0 320.7050508715744 -22.09842791603934 16.015186544501514 0.14464238052899794 0.07246135117556796 7.1593411771746 6.07878745617499 0.19690367287159138 0.8553229647544094
91 910 0.4737119672557315 0 319.55612900026097 -20.219412083893697 16.675484624653 0.2058167921992871 0.11859030903705126 5.882233421506331 5.033617931893905 0.14310948759035402 0.9067524842444457
92 920 0.44576799459821115 0 319.2478365569371 -21.349596502195993 16.341234849738935 0.1741343394655252 0.0800874511933849 6.55578561854888 5.6604527685576755 0.18702786263327748 0.9078802047559321
93 930 0.45985255818694715 0 318.15046698272437 -20.26648403382721 16.531690183476552 0.18377157449625792 0.013353405659237566 4.271331432808038 4.725941544438188 0.23636402589356265 0.8549994021867633
94 940 0.49160190568975576 0 316.8885812217809 -20.429972402381203 16.69093322638958 0.18880639281111222 0.049658736206285074 7.224295779376284 5.864985962037388 0.20200392608358453 0.9374254685232986
95 950 0.5201209333546598 0 316.44777446158184 -19.301036441565287 16.682797282733695 0.18745675137437717 0.082705330274923 4.8003167779412825 4.755683067860611 0.19498548760503567 0.8123634936898281
96 960 0.5258959306594883 0 314.56774834532075 -19.612907660139175 16.433184334023274 0.1297065744130215 0.026339022919832967 6.815581044347752 5.820116434490796 0.22338799692923408 0.8512368695390637
97 970 0.5109017269431746 0 315.2742014126223 -18.648033680174397 16.858833751666744 0.09526969855658318 0.21102027078274355 7.18322060694288 4.800446863245868 0.22645490915763014 0.8491339195386236
98 980 0.5591702768654938 0 312.4956862945569 -17.71372739248216 16.868280504741143 0.07520265215648397 0.004137058570064548 6.272639241617044 4.260105539347897 0.17612541888174416 0.9266544774921903
99 990 0.5522423233335932 0 311.8514650815631 -18.017398401177033 16.93986926272999 0.13668165527999065 0.000890653152561892 5.865491867804616 4.316055622570754 0.2061938988816206 0.9380424974170408
100 1000 0.6452402996156431 0 310.6525009378605 -15.454242949737273 17.28952841264752 0.029158431898276323 0.0235345495711096 5.6185775337404085 3.671951098920269 0.18703846781161756 0.946860470017764
101 1010 0.7124670854553998 0 310.4384214045379 -14.884055642608434 16.89378005576972 0.02321784837748353 0.05656373107414439 8.081750788945406 3.7960310994962745 0.3226314010768133 0.941012888254342
102 1020 0.7283202638804356 0 310.4995530311895 -15.763493639170541 17.355478255876832 0.10352049344902434 0.15714607183582163 8.372335351678537 4.772815997787314 0.2700240331259602 0.983672638348585
103 1030 0.7399397144337749 0 308.43133522409914 -14.5433355773727 17.73609292627784 0.08928683662626041 0.0018083407109525443 3.843993187963518 2.9812292875247524 0.20497513386445979 0.7250384620122126
104 1040 0.8139870657116866 0 307.8662479908564 -10.579021419074603 18.477666226398057 0.056718583356815455 0.01883340653459585 5.155625654704526 1.1620487384863816 0.1927814642704921 0.7947034757001452
105 1050 0.9059914690050289 0 306.23128730490646 -10.033637855855941 18.844934030600374 0.009858236879767536 0.4071036864532315 0.7667122941280038 2.902721404679657 0.22736359310572418 0.6338902773872894
106 1060 1.0600666008236486 0 302.7676138672882 -4.314352235336045 18.672284684992356 0.014558801785057047 0.24139139441454288 -2.3952780027292673 6.004139540538064 0.1945580628817553 0.5015108052250217
107 1070 1.1048077826792255 0 302.59473939137354 -4.055250035271859 19.641774254926958 0.018569062834320083 0.19562823256001421 -0.14720134281768982 5.385129766649828 0.17186047788820083 0.6224346235343712
108 1080 1.1009889384667668 0 303.76181504501665 -6.300646800801551 17.58036017623166 0.07597177124288057 0.5089648931901156 -1.03386400431086 5.466744581871536 0.225272715097793 0.5378460332530337
109 1090 1.0714612170718443 0 301.04480492054677 -7.853043589777668 17.53855769332725 0.029071951926691462 0.11520926832935785 2.486187691570807 4.77693652500793 0.27767324468465204 0.8385614640297976
110 1100 0.9835652262192206 0 302.1703484361106 -4.757662310384908 18.873197316704623 0.033458926494837185 0.30657056621199325 2.717793489752249 5.847444730525176 0.28974352196424924 0.9092136068853296
111 1110 0.9102604931895263 0 301.0239735127245 -6.032859110318072 19.640874250219344 0.004299685042140216 0.21996369298994378 0.02975934188293161 5.78178731942791 0.24463411381345757 0.7149175143708348
112 1120 0.8653826693993119 0 301.2485033263114 -4.3087113966064585 18.157953216023135 0.01256255270480988 0.2726041380229529 1.7078320825316609 6.309417951970485 0.26407131734417344 0.7270181033517993
113 1130 0.8002781360143278 0 300.8255168603836 -6.3890828649868645 18.558487333726948 0.019689889577764675 0.13715287045022168 0.5672602969814973 5.295886555200803 0.2334679509779003 0.7181003748137051
114 1140 0.7944553709109949 0 301.6837087702184 -7.671185423108961 17.429669816486424 0.036843690857133814 0.13547956602427685 3.23442291318331 3.02539098753042 0.2417050066768866 0.8547889926615253
115 1150 0.7244991646994616 0 300.7058420366289 -7.165040124603853 17.762089827719723 0.0031379486471990845 0.2631103114130764 1.648296945296318 4.542567202002372 0.2627078944490315 0.7876524625324355
116 1160 0.7366034765825415 0 302.2527811173391 -7.587369918773 18.040920156047218 2.0996764048776355e-05 0.0026356828400501855 0.5728955567557552 4.125030343142922 0.2802651273029501 0.8115040727073666
117 1170 0.6603209628202454 0 300.65172733603845 -5.661712037815888 18.36155059791922 6.494783087134808e-05 0.007993474171987305 -0.4960191323359544 5.885963091840965 0.22683772827700913 0.7620122421978466
118 1180 0.633883774612696 0 300.6779490894133 -3.6644745374139864 18.85119764181417 0.0023097894951447273 0.25296015953454926 0.08047734926836378 7.17596272817275 0.2550300127204614 0.775279989927032
119 1190 0.6983167529026716 0 299.59602299791584 -4.898639948760054 18.944735381470505 0.0029946186252776674 0.35323439728011174 0.03408957680866781 6.6855806171671315 0.17599270196579878 0.8387205655490393
120 1200 0.7171809337814931 0 299.79981980696584 -3.342836641442659 19.828393525988677 0.00010490239900597128 0.4520140044832639 0.8261565817947112 7.389219463426173 0.18086639248883407 0.8759852979462297
121 1210 0.7286810707016959 0 299.65646948929805 -3.9434974643864376 19.721424448052172 0.00036649520736227996 0.5490104071446542 0.33999991276953473 8.02482120928329 0.167099241764124 0.8269053444942049
122 1220 0.6702336407664587 0 300.57660578853574 -4.804877121635918 19.36340347761502 0.0016848993538212086 0.19571100454463836 -1.7439243703325058 7.358421037788663 0.17258115316816866 0.8265979637154051
123 1230 0.5985622640096183 0 299.9871461250408 -4.963997977688362 18.833668663392782 0.00020763738048026838 0.0578799282783892 0.45614624683858707 5.994740226154045 0.19734283207154404 0.8424811339785778
124 1240 0.5247934411669484 0 299.8365422575479 -4.325034465238333 19.518307260008942 2.934354170435389e-08 0.3020362624384817 0.4140656799732333 7.069332780146504 0.1916653138480419 0.9339707007751573
125 1250 0.49770995223411785 0 299.5849894601598 -4.498897537654241 19.220094825175455 0.00031839589489117084 0.38914765073854507 -0.2042961740769963 7.30087999802104 0.1678975582360391 0.8578525535147707
126 1260 0.49170387755364514 0 299.66018553287927 -4.276724892078562 19.364374077449757 0.001051727714773747 0.5025918157915867 -0.46509485432998243 7.905260253022972 0.18250901817289186 0.8529064320481841
127 1270 0.4372060930282419 0 299.3717571702556 -4.4226170100826065 18.90416538965396 0.001785533507965132 0.2711132463270371 0.3981329113780895 7.205416006160565 0.19487029122491345 0.8882146404846369
128 1280 0.3850265140312022 0 299.4304417316289 -4.171020142516603 18.872630383961013 3.019192339236152e-06 0.37400309228661877 -0.44934046149013007 7.782318848072408 0.19834864993554396 0.799049756007874
129 1290 0.3757693449280638 0 299.36154952126435 -4.327849976538424 19.050245332579163 0.0007791363162424977 0.4904496897074937 0.167425854407645 7.1259127724925415 0.19077961881828676 0.8248103522429662
130 1300 0.380412760809353 0 299.3948621781186 -4.398257524332552 18.70755664425257 0.0045539403066021025 0.342911060807985 0.9299574793525085 7.256802186889953 0.21719896197839272 0.8705168068360631
131 1310 0.37536191339090197 0 299.29522349376384 -4.661289978592791 18.4856146353312 0.0013372197344234964 0.38445790512542244 1.4566138249765612 6.961673485804497 0.21614391798284882 0.8229965781188779
132 1320 0.36884238400253283 0 299.2603962018841 -4.77693610216742 18.47961310332943 0.0003269352564159749 0.32152466883549125 0.5386698991633828 6.870334150264507 0.18325646361235173 0.8129561847066233
133 1330 0.3699852507384795 0 299.4718979677821 -3.542180096647277 18.61387811577053 0.0006816386641426804 0.40719383445548096 -0.8582169183792697 8.072379600836864 0.16285286418561984 0.7831036161633085
134 1340 0.3917428156655714 0 299.17030052402174 -4.507838900729038 18.15444914907081 0.01013074987231949 0.40680699418863586 1.3459874756771735 7.241826318068431 0.20387972007914507 0.8251368483170152
135 1350 0.4089149969978844 0 299.044393340326 -4.313763591506413 17.796883679460088 0.004862983760646385 0.2597239831873513 0.5167346523233879 7.097721879363198 0.2011160717310744 0.8425109823288894
136 1360 0.43597911840693304 0 299.0858667426345 -3.6902508541049004 18.290774140363055 0.0025601919710079007 0.4595961872419707 0.5076467224345185 8.158620924195207 0.20040677807338986 0.8555322203311777
137 1370 0.4725629500466143 0 299.1851969402491 -3.1611695801493456 18.04106621483611 0.000631472484784822 0.31831452342181277 -0.4850166537386701 8.822780261420341 0.18383371083385355 0.8367371332098543
138 1380 0.4727807182021199 0 298.9633072283224 -3.9874910811781676 17.648241277405585 0.0010580350100322087 0.24236993492628062 0.2614053693229328 8.011839558429095 0.1929871213824923 0.8954300860136242
139 1390 0.4671626153624295 0 299.08551289095885 -2.9939904674066202 17.918563992757402 0.00010067675386437314 0.4267415941629209 0.496705900101806 8.449657141577356 0.1725501204392212 0.9015655895408861
140 1400 0.4860801470899847 0 298.9056816369899 -3.333363176119906 17.238280668140312 0.001032856005217756 0.4958576305372091 -0.3456556110694541 7.776169964193295 0.19338613497716178 0.7723724694273537
141 1410 0.4867024091365977 0 298.88293916435845 -3.224614487326812 17.16739802709607 0.018195348625054016 0.43419657674962064 -0.3186802980175108 8.529250866909672 0.18419612256148238 0.8353147826192362
142 1420 0.45343737363444464 0 298.845504792622 -4.427989401871849 17.0024922849458 0.0008435883280418445 0.3005308505776477 1.0473928093784532 7.154158174346328 0.19281337387624442 0.8573526483532949
143 1430 0.4385921468164748 0 298.7112186970347 -3.8893216918277123 17.24029120891304 0.0014984191412756574 0.4835392122909218 0.5143341419936902 8.128651344057914 0.18113616083785852 0.8255465987112871
144 1440 0.4053607806918867 0 298.70401518286235 -3.5865662299548298 17.02813310838545 0.011955072836631152 0.4287605390041267 0.3284255812431404 8.886166379053964 0.18566602834101675 0.8494762534868534
145 1450 0.3871973041503783 0 298.69983682871924 -3.599305481735939 16.563867909924497 0.00996970625161566 0.33026985583517265 -0.0579026306993356 8.704297081095017 0.19934058609879246 0.8718319453868526
146 1460 0.348170513758887 0 298.6672713149825 -4.050184576789562 16.956134859590918 0.002520686229315922 0.46262882309418984 0.47481558609321833 8.057062161469126 0.19639444538507012 0.8785824795582626
147 1470 0.33284275922632356 0 298.6985198734776 -4.323382423637109 16.983101990381954 7.205417334024164e-05 0.4694694488895672 0.6092951123170911 8.072603164382464 0.20499158176946847 0.8281337199171808
148 1480 0.327511492993761 0 298.6337231803781 -4.167445719106832 16.46766566996913 0.0012513132924491428 0.5338375231964363 0.2973389696848153 8.358194656239627 0.19584761968025197 0.8302985997385972
149 1490 0.3169485164492039 0 298.5934422903303 -4.306593624590454 16.39756021004356 0.006353872945244776 0.5004767914133212 0.2649438956557513 8.383851490840847 0.19362860377611837 0.8265910956526263
150 1500 0.3320488033110934 0 298.5149624867625 -3.7954764263871086 16.19931139117427 0.008084271484938076 0.46624881292856935 0.5391940888400646 8.634555898200425 0.19640835040393242 0.8676503387388026
151 1510 0.3350772988377962 0 298.50056116130213 -3.666220698539143 15.991435017543658 0.0050660127465255046 0.49911746735089313 0.17349828023866012 8.731379420514536 0.1887273814502733 0.8425767524858125
152 1520 0.3595433768752439 0 298.40186282519585 -3.6805267913334343 15.777575448325347 0.014985794687180549 0.4809527158380129 0.4609664969156725 8.83992376984377 0.18658353815212003 0.8638608173457969
153 1530 0.34841035108197294 0 298.4954676395764 -3.8309110920591825 16.161984012662085 0.008605063775542054 0.3676556782465824 -0.3328792230279666 8.736181915551875 0.18466213625973799 0.8372129557267627
154 1540 0.3495193991763084 0 298.3479189503871 -4.014818944482914 15.99349199656567 0.021415122134804242 0.3795913251366228 0.05742533213350043 8.63116167878907 0.1716250593785085 0.8496879817555394
155 1550 0.37195226956934807 0 298.27430757273487 -4.2666792199004 15.824811732978457 0.024283449597242927 0.29996510205567445 0.01358176973805894 8.751920982316584 0.16227799208418275 0.8866377207151945
156 1560 0.3580487566200482 0 298.3161942860811 -3.9408269346961884 15.3590687620227 0.015852785749689343 0.38572813509746434 -0.19418052885424358 8.75876660290061 0.1866323641164263 0.8424638307662302
157 1570 0.35925706444812533 0 298.0898384596062 -3.9964022233465215 14.936939788699965 0.033602920116898444 0.3616734883216253 -0.07915894902626576 8.745832621597785 0.1823022532312428 0.858786234488812
158 1580 0.38555553399645415 0 298.2680097773445 -4.58754970448738 15.381654378181455 0.03362028056848945 0.3548653347428935 0.960459057719309 7.836401787075738 0.19711867532348049 0.8665794392456372
159 1590 0.4012245764940492 0 298.08392506913526 -4.305672392286041 14.804644912863743 0.03139682321270574 0.32962608025303936 0.5966230376416366 8.512865314247449 0.18142028099730037 0.8326551228097168
160 1600 0.3775850814845511 0 298.1826618786589 -3.9743207132906275 14.985596744682596 0.05034468936463084 0.2982149570210717 -0.22723892762602688 8.541215209332004 0.16984985605867436 0.8487133260112518
161 1610 0.3646536894082985 0 298.0191726322867 -4.546307660869068 14.550983107200079 0.03531424178587619 0.18162659498545297 0.6556223589475494 8.24992258911831 0.17598487001191604 0.8682597597197885
162 1620 0.3372396360931126 0 298.03612244880856 -4.333642368102498 14.580810282248002 0.04149958158306655 0.23674462578326322 -0.1855550221652868 8.29344048601084 0.1858449355511206 0.8475963557850679
163 1630 0.34921600067790537 0 297.82294786966514 -4.180390571505146 14.255828489146857 0.04173020384850167 0.2528239891937176 -0.011364840336938964 8.730539302885735 0.16531481807343787 0.8713931958552181
164 1640 0.40709671479996223 0 297.5539549361512 -4.460894678325396 13.479300877571152 0.04670077330970511 0.2748464690213244 0.34501705192487353 8.701390981670063 0.17011020914098146 0.8726366737905038
165 1650 0.49369614485213237 0 297.45970501444117 -3.7920170737528696 12.794186436021006 0.05215215260153554 0.2718195669625018 -0.08222843504671709 9.111861192475097 0.15812110611761437 0.8823378109370927
166 1660 0.609175674515961 0 297.1635530825414 -4.055112517692774 11.789931692378179 0.07380651406764088 0.19751171404138795 -0.5792740802477456 9.24548717164811 0.15301674264977133 0.8825047187554642
167 1670 0.735309103897499 0 297.2556142140802 -4.426440896734069 11.685818641013979 0.08623716340575358 0.31237762999353635 -0.6103141892723705 9.402896845146945 0.13643458169537206 0.918447064182616
168 1680 0.8158512127668714 0 297.0095753464269 -3.4429268308541894 11.218809469593143 0.06882342083204454 0.25004240133006156 -0.991750294541337 10.868370920754282 0.11659483309419148 0.9101532541125872
169 1690 0.9085352980500051 0 296.3417358645983 -3.863630987569266 10.13814234670123 0.10937513282647524 0.3422452346872834 -0.8424344668879393 10.827291779595559 0.1340880382034192 0.9405158223902386
170 1700 0.9447917039752439 0 296.39762448673616 -5.1274678943169105 9.68901333947394 0.09458644275805327 0.14846414997013702 0.8263565164693465 9.576021647266979 0.1695638443730752 0.9068101638386749
171 1710 1.0908685823310356 0 295.64521829667035 -5.306995408772216 7.298522051676431 0.08638431951853943 0.22058800857391547 1.7493328570637083 10.916117220023613 0.147935410665375 0.9844553645918641
172 1720 1.343812911107983 0 294.05679648336314 -3.2462284775486143 3.8203327728571743 0.2055473489580139 0.4701341322669951 -0.43797855433079635 13.85662562881238 0.1269803081357095 0.9983604447024474
173 1730 1.5070083157738945 0 294.82488489490095 -5.099637928123826 5.813834582733408 0.14566660384445132 0.33738857145163337 2.3606876069509894 11.886872879668108 0.18132918716592875 0.9892605436279444
174 1740 1.5541548110818661 0 293.9076380825132 -2.848225173790743 5.937275918420327 0.15868034721946128 0.4015108740172795 0.4512200131854558 13.351787819619181 0.12935066461298958 0.9875625500690257
175 1750 1.4890074910577082 0 295.1729362514446 -3.376582836811598 3.469249458058426 0.22457600920333118 0.26153582958366817 0.7811129043279754 13.335336354399336 0.12874630630545944 0.9963302415545787
176 1760 1.4861388872484782 0 293.8526438112406 -3.164677333853534 3.317185541387893 0.21661070749668254 0.4989351524563044 0.6156374911243782 14.496634931524294 0.11269426428773568 0.957837162567563
177 1770 1.500630898579481 0 293.54034269968906 -2.014396272833629 3.5453805320090197 0.16118248629505277 0.41937868984321136 -1.505188482504706 16.628269784929437 0.13776861490225953 0.9590920057126668
178 1780 1.425397899404428 0 293.7371838924782 -4.267189427799561 5.34077695877283 0.1283467870650532 0.36423250703619253 1.1451889682676448 13.519340266835023 0.15348861836230804 0.9831005056880522
179 1790 1.3249541144146497 0 294.36113649428137 -3.3682494995449166 6.172590598675734 0.09854869119576051 0.3684946791435586 0.3772387808257575 13.15640830820271 0.15678183366380594 0.985796591375873
180 1800 1.1349644073898257 0 294.0281622556779 -3.910319935665885 4.005468480869178 0.12476121364858325 0.18992303127636623 -2.010278201058707 15.973346072289992 0.11018123696039558 0.9992635715707234
181 1810 1.1214807521390082 0 293.6355482557217 -3.037171770557411 5.654935587946763 0.13277057310724796 0.406287485911642 -0.2747984211359079 15.949454576055867 0.11908303420929237 0.9965092207065562
182 1820 1.066988011424624 0 293.6497992050938 -2.6911363084146815 2.7992928247123046 0.19352767324230202 0.3086281272981388 -2.4909916601340263 16.68471658903225 0.10881945967205979 0.9936133596061647
183 1830 1.0625751589778638 0 292.9104608169861 -3.3036876442450196 3.0497583775851913 0.148137134818178 0.400375103353655 0.4218588414926634 15.328250651729075 0.11563781414431677 0.9999783244624246
184 1840 1.08396216742523 0 293.47656095049297 -2.385954625425277 1.3643727020409486 0.1813692002642589 0.4399065465038392 0.02446842243902589 16.882426808532912 0.10838830012569532 0.9983977044494361
185 1850 1.2222404064223398 0 293.2247177145472 -1.8838013651450196 2.299468217491707 0.18230068969918567 0.5110719987747936 0.6856152781019089 16.349848450369684 0.10857796506836653 0.9918729435167017
186 1860 1.2071277012440733 0 293.68279109690775 -3.5396583093539222 3.0802601371976595 0.19085788076687527 0.5064571281849013 0.0783175703200854 15.40898780030976 0.12316716259168088 0.9980894585731416
187 1870 1.1292792044930484 0 293.58612516852577 -1.6473812704875215 1.2583243278904201 0.19098745301153036 0.5410296080712296 -1.4758913697187537 17.356985817397955 0.09276321216086958 0.9999933480961801
188 1880 1.0815592869034236 0 293.0378991489671 -1.2090142322448318 1.9980564101104186 0.16870054912357885 0.38878089651341163 -2.0606721221041724 18.223143464023252 0.06287732091953588 0.9949302081912755
189 1890 1.0244144608797718 0 292.84598755099853 -2.6845130163449444 3.337847425086068 0.16857801505091707 0.44229149409720736 -0.7462151062865799 14.932685170199315 0.08254209377509712 0.9788417286552946
190 1900 0.9597943233945656 0 293.20538844865587 -1.8390783080682822 3.8867758574590434 0.14757308689706145 0.4522610492316561 -0.19058818823744283 15.619816177721104 0.09889552044475142 0.989108680643857
191 1910 0.8523063580573896 0 293.018186667423 -2.6923694848732644 3.092717856261352 0.15932689395603933 0.4726803010847067 0.010563015397916861 16.209561063724205 0.08867054911134527 0.9479534222902443
192 1920 0.7627518471659668 0 292.84709526772053 -1.5785342634185304 2.0320789825930143 0.1914163040487263 0.46924176349348556 -0.7612740667242522 16.54058917315425 0.09294358065877442 0.9699815812157139
193 1930 0.6934256799457753 0 292.71178001301143 -2.246879120754255 2.0694345199329254 0.17349093494915094 0.4325952451107312 -1.5242773247909123 16.384864715704264 0.10040377387240827 0.9818255350735275
194 1940 0.5928229372912533 0 292.65265709468144 -2.500275404957514 2.6849187881962577 0.19175868602363608 0.4100569360452765 -0.6961607946404303 16.129249443248376 0.10314170384245573 0.9921085482246085
195 1950 0.5698092278564856 0 292.6150068026275 -2.366058996992036 2.2041567305358933 0.18745177002244742 0.44895620747545095 -1.466084417696619 16.595932110861746 0.0866869208765135 0.9892614028365686
196 1960 0.5479907568057795 0 292.5542203770695 -2.4041865758691556 3.2029161425017 0.15777090352118017 0.40937398833067673 -1.4499147521787954 16.124674533665484 0.0946731366049261 0.9909476887700756
197 1970 0.5359979853728881 0 292.5817062928749 -2.7960687809496725 2.4341010848400746 0.1625371173424352 0.3848188327794726 -0.7961056630236656 16.484209350823097 0.0909235227478889 0.9931962669656108
198 1980 0.49683485569549546 0 292.60386791918194 -2.8637496142570558 2.6937037121097487 0.16966663821896244 0.3961494442258982 -0.44095490131166926 15.909126067730522 0.09492804285387381 0.9818363788889943
199 1990 0.45148276959616385 0 292.59508735957615 -2.6135935503346643 3.01255690825818 0.1641216485027189 0.38076793904389694 -0.6595003811528789 15.872874484559102 0.10163288646751915 0.9791243906394684
200 2000 0.41118367624075747 0 292.568505599642 -2.4727014488391146 2.737121129352241 0.16539061425527832 0.4267683421628111 -0.6188596645366948 16.236837171779726 0.10249849378856643 0.9769902713567746
201 2010 0.34579562098776295 0 292.60617584712423 -2.5709012666860622 3.1020099071957055 0.16196365533741514 0.40397129335674553 -0.608815671105986 15.90219253336797 0.09951622713768485 0.9718398704136323
202 2020 0.3426765933905238 0 292.5312660808264 -2.5494584298854637 2.9697489146587044 0.18051687829102228 0.40064097893467787 -0.8366823193005435 16.064845973466504 0.08976044131775669 0.9873096801730207
203 2030 0.3419256805008078 0 292.48664999097554 -2.4929894467567224 2.7963095034602556 0.18177909468639264 0.4063196477026251 -0.888282664451273 16.237519653596692 0.09057010471913786 0.9928319636098266
204 2040 0.3460676944590673 0 292.5055067040313 -2.626032473536118 2.924882733597484 0.17315328367007618 0.43553169850235596 -1.2265796068274177 16.33133744293334 0.08624978020586202 0.9945075181815237
205 2050 0.31558620549362654 0 292.4590061552717 -2.4085126155499412 2.743529623650514 0.17995967350957076 0.4081336212538381 -1.1755401280768563 16.666957127132797 0.08436446903411338 0.991895888009994
206 2060 0.29998811477532034 0 292.4475687218975 -2.3743849933115886 2.4668733180188065 0.18090989781647632 0.4262213091830237 -0.9350585371698614 16.581165188437506 0.08433167861581937 0.9965932036218677
207 2070 0.2828988986377837 0 292.4493666729665 -2.2516640662368212 2.5358429744475743 0.17794187936812814 0.41962897197939875 -0.9143912767693168 16.522972569298172 0.09125904555498073 0.9940302243571131
208 2080 0.28011389465112435 0 292.4485395631062 -2.079471968738416 2.350865501397105 0.17875788307411408 0.4246481581882712 -1.343599648325816 16.705606733395882 0.08947919114221267 0.9963853660657442
209 2090 0.2744041441499173 0 292.4598485372453 -2.3183500069893666 2.495757192194747 0.18575159869047242 0.4221767872409685 -1.1310358754611387 16.43934097778635 0.08695408848266414 0.9989614799745163
210 2100 0.25834991468749274 0 292.42473293192677 -2.2713149672647783 2.5910680516571682 0.17243094317848298 0.40276119912862995 -1.227177897258097 16.507879288273173 0.08813182709305876 0.9973980382338209
211 2110 0.25273807517504565 0 292.42196973356977 -2.3823931440763735 2.6825037754948466 0.16926293934392228 0.41494176349154643 -1.254388772346507 16.539424972859138 0.08994176661396988 0.9977384667418743
212 2120 0.2216141312206156 0 292.44838065549243 -2.220629851472934 2.474160606714036 0.1798127721780995 0.4171656724436751 -1.0311082916842371 16.51528265190823 0.09294017776764334 0.9973930459305173
213 2130 0.2036475271655007 0 292.42907018282625 -2.279954684854143 2.5903379461071094 0.17990638661946978 0.43087297378923484 -0.9959886314047344 16.43759571692744 0.08780892762556819 0.9995353111096431
214 2140 0.20361613074741394 0 292.4332980140519 -2.157488299008056 2.562774241268025 0.17548627037500236 0.4415005894560128 -1.3503545367483518 16.562302123844354 0.08570657866504981 0.9988263645286768
215 2150 0.2068173859094103 0 292.42529586797843 -2.1929556912238994 2.6598617858083995 0.17491235387747023 0.43817769745513657 -1.2630639343073284 16.64125440155687 0.08831490841906071 0.9992514488115632
216 2160 0.20487645026500106 0 292.4266289874208 -2.1622846437598864 2.771283217513926 0.16982499868964124 0.4234951757833092 -1.2602487448980497 16.528311943482098 0.09058119479459964 0.999919264298839
217 2170 0.19258913321082696 0 292.4181699741344 -2.2262216957081176 2.747236778925338 0.17025199019298481 0.4202637340786659 -1.2533172046461087 16.475829195391313 0.08697872091607135 0.9994344903342283
218 2180 0.17811003872818934 0 292.4105278732403 -2.297178190332207 2.6680757653867446 0.17069692067575057 0.4223677752792936 -1.253210017092078 16.593148452965114 0.08566835956646174 0.9994709348088532
219 2190 0.19394327040490097 0 292.40851612159554 -2.243814309463247 2.513360875832103 0.17359377771998463 0.42933872449882393 -1.316789549880048 16.8725770057479 0.08461379294689098 0.9998864178922907
220 2200 0.18721697991882938 0 292.40613196533377 -2.175466690134707 2.556906383759206 0.17376575190242066 0.423433969954375 -1.3886779922407078 16.88987621322235 0.0840264308905454 0.9999886610788582
221 2210 0.17488660393066086 0 292.4096161629286 -2.2454239443025936 2.5392998830165534 0.1729688903414322 0.41479262555784113 -1.459786038662904 16.788482518949515 0.08466482872334376 0.9999869594237404
222 2220 0.1758971895407682 0 292.41508372591045 -2.3314288954376683 2.6449539713594823 0.17317148666262192 0.42864540227687187 -1.2512340288438395 16.567890251399884 0.08598862782763132 0.9996977485909807
223 2230 0.17009695964733185 0 292.4153554387988 -2.3568941413847786 2.717547049142664 0.1731873434376395 0.4190575352816256 -1.266980697293789 16.50122474802999 0.08400846390798417 0.9999991915996674
224 2240 0.1582805675953827 0 292.40567919843426 -2.340992242411494 2.6151670513414937 0.17351013768963688 0.41419502986746193 -1.1989231669060787 16.68239634886919 0.0832351818679803 0.9999952174926272
225 2250 0.15045631219967498 0 292.4086620328626 -2.197349366802367 2.487913272549407 0.17544994413822107 0.4110591958317872 -1.2948098200037463 16.780766748394015 0.08454076079205645 0.9999875994922889
226 2260 0.13105522058896396 0 292.40341005813224 -2.24277757268423 2.5645659158785232 0.17330781068249654 0.4164103176077327 -1.2602644620957113 16.707086050883063 0.08561671836162407 0.9998808006083343
227 2270 0.1161151907314627 0 292.404171933426 -2.3038750922675293 2.5904449565934766 0.1737036693557244 0.4138507105999686 -1.1463011005893102 16.63361584074713 0.08644944259374576 0.9998535175670704
228 2280 0.11152605378448009 0 292.403988649609 -2.287857228803538 2.5830272412360387 0.17401418188161655 0.41700828552460645 -1.1508626444674086 16.648124304739675 0.08770838920154161 0.9998970864933802
229 2290 0.09932708953645747 0 292.4032272675951 -2.2712920274147055 2.5831761875110795 0.1717854965526386 0.4137858800561217 -1.1887001500767793 16.68792573335226 0.08697587673317106 0.9999951484248158
230 2300 0.08574559128327748 0 292.40277916668447 -2.237165951820312 2.5625249079906705 0.17240208449227357 0.41557541089648975 -1.2481489722073313 16.750531514848923 0.08557711995580647 0.999976567469456
231 2310 0.08445412563180635 0 292.4025936463996 -2.333082258785091 2.6001193520742785 0.17308646321537544 0.41682713934446525 -1.2377420836410906 16.714505353533486 0.08601500656638453 0.9999965186900224
232 2320 0.07922975709723638 0 292.4027037738058 -2.2835162529127833 2.6033121603010305 0.17366303175316497 0.41704889803149525 -1.264361354465457 16.696274085775457 0.08600565335517979 0.9999934080560419
233 2330 0.0768124715620561 0 292.4022274886195 -2.28736223661453 2.54649112555798 0.17283138499417158 0.4154775237495617 -1.2659902811802566 16.782341845572397 0.08493619343116665 0.999993380215497
234 2340 0.06715609660772529 0 292.4022129402425 -2.302998433621511 2.580776253578856 0.1723253162899677 0.41512466576165874 -1.2188892436695666 16.746085068651155 0.08493431201601907 0.9999290589851779
235 2350 0.060507243335151624 0 292.4018453267858 -2.307048899152415 2.573985713544728 0.1718986279384357 0.4150912102769796 -1.2176894171183814 16.783901046882463 0.08513387323106386 0.9999827858142166
236 2360 0.05392694513709367 0 292.40161069086923 -2.2987953089148023 2.5810654138960967 0.17207178573478324 0.4137372526236266 -1.2423308784698313 16.759066320785223 0.08601758943007105 0.9999987840692744
237 2370 0.04822825019797099 0 292.4016563216262 -2.2841416579740765 2.580028141136823 0.17278766787162989 0.41329175175812727 -1.2265235337732439 16.75921575232189 0.08532699083956866 0.9999819945204212
238 2380 0.04374444327991782 0 292.40149858408745 -2.3160785598536684 2.5933344357413666 0.17272013198550337 0.4122045684208423 -1.232675593169785 16.775454120170693 0.08548991180093975 0.9999653527836259
239 2390 0.04403067815022595 0 292.40146539989894 -2.2862514367065017 2.5854502465574205 0.1719614326465582 0.4149222856121825 -1.2399292806969355 16.774635738721507 0.08608942412770328 0.9999715820377613
240 2400 0.04234643969739784 0 292.4010809515127 -2.291108235415012 2.591961466697795 0.1730423072737883 0.41577030268110804 -1.2363881476277676 16.765531919227953 0.08563993724957328 0.9999992331511748
241 2410 0.04509910184330424 0 292.40105602835354 -2.289045093598302 2.583998886997768 0.17282085150554038 0.41595472041131043 -1.1946154289557913 16.788570458593945 0.08585916827592169 0.9999999486605158
242 2420 0.04432643076512894 0 292.4010525897937 -2.2881673290005007 2.5765967795710165 0.17310066890060538 0.4149160355245064 -1.2459284812055287 16.79803039044654 0.0855413671451562 0.9999999408847685
243 2430 0.041601217282770137 0 292.40104384013 -2.30168257808152 2.580405342989488 0.17267090765745965 0.4150583219973727 -1.2137451481498855 16.794242258247976 0.08542916306884331 0.9999943195599905
244 2440 0.04223339030058913 0 292.4010132459062 -2.2872790326128474 2.589085824585216 0.1730320798516425 0.41667194089758886 -1.2267434258823842 16.813344143668942 0.08594862391728254 0.999998251354827
245 2450 0.03745917442877588 0 292.40094125132055 -2.2974171572707536 2.584625165765579 0.17293524591731654 0.4153515805037544 -1.2113711792204158 16.78985884666801 0.08585442360993689 0.9999944575000185
246 2460 0.03362668404958948 0 292.4009813682544 -2.2927078927219746 2.5847962791178842 0.17291640599643418 0.4152116378568572 -1.2089194841136435 16.815111407642373 0.0857244003167531 0.9999998652059231
247 2470 0.02992171172693977 0 292.40098881048453 -2.295448269752971 2.591772917127884 0.17282446698017304 0.41514218964331573 -1.2167168226194218 16.784213623880344 0.08602285105170357 0.9999875872363939
248 2480 0.025701978194805093 0 292.400948295889 -2.297978003779508 2.5968706360010043 0.17275175396150144 0.4153228520547604 -1.214278149987463 16.778542509136805 0.0857045126837141 0.9999966888336959
249 2490 0.024699637190058393 0 292.40095416725785 -2.3009391749937205 2.5933869453795912 0.17255941119268325 0.41613506866619265 -1.2073954564272158 16.78958015407425 0.08565158190963765 0.9999999443880523
250 2500 0.022553229916419358 0 292.40096681183866 -2.2901594604219797 2.5868534490314956 0.17283440422781493 0.4163501460620146 -1.219968093516721 16.81068259840174 0.08556500372238253 0.9999847835090314
251 2510 0.02046439253441669 0 292.4009408432735 -2.2921154301891873 2.5855706053000507 0.1729230756888032 0.4159694486042347 -1.2150956243957334 16.807847641293293 0.08554460444098186 0.9999919911705464
252 2520 0.019288736519153735 0 292.4009391553594 -2.2991135955876114 2.5846257690281864 0.1731796114447765 0.41643975580193104 -1.2089458014387873 16.80211506481252 0.08563466411685637 0.9999969712962475
253 2530 0.019224385912172594 0 292.4009441536224 -2.2998309525360074 2.5884159183590953 0.173242774537403 0.4160453389262939 -1.2230514957479288 16.798698869811066 0.08544271916356537 0.999998054385771
254 2540 0.01900250678864275 0 292.40094447290187 -2.284670088298096 2.5881960473923837 0.1729768859589658 0.4168316181451567 -1.2320723916142138 16.80355127106007 0.08561310917433912 0.9999999374586236
255 2550 0.018585464066701713 0 292.4009281540742 -2.3014028546403447 2.589332216785261 0.1730047610311694 0.41631749020521136 -1.2014206224975639 16.793698174639257 0.08582741341260604 0.9999999971592133
256 2560 0.016915026186057135 0 292.4009243989741 -2.296631115159869 2.583121530537787 0.17306615585360052 0.4166411723169543 -1.219746031605944 16.795521800769365 0.08569536736112834 0.9999998507052438
257 2570 0.014155927565891995 0 292.4009152426278 -2.298845345953508 2.5899227918123677 0.1730955193856682 0.4163879482031211 -1.214771618957275 16.79246388101562 0.08576249517531397 0.999999314676125
258 2580 0.013550259399508243 0 292.40090634107025 -2.300151905163989 2.585106392892584 0.17304826699467743 0.41583159925778 -1.2159738972094545 16.802283252593547 0.08550193247847723 0.9999998505612823
259 2590 0.012229804145638776 0 292.4009008816714 -2.297625998978768 2.5868233626150134 0.17286232400761556 0.41566738921510415 -1.2236337666478503 16.80024269695309 0.0855615580704979 0.9999975919082077
260 2600 0.01123641413811325 0 292.4009010617376 -2.297189038603831 2.587481533959958 0.17302024940257904 0.41622587576784087 -1.2118741238718445 16.79853941661996 0.0856581522052911 0.9999995029331837
261 2610 0.009992418977809683 0 292.40089269420696 -2.2981342361888 2.589317546750828 0.17294959583424466 0.4158913245913126 -1.222750393254083 16.80318617392853 0.08563035392111734 0.9999990137364713
262 2620 0.0091691877853809 0 292.4008985040458 -2.30324505181059 2.590703361370278 0.17293488281073865 0.4157833929440734 -1.2177850689778602 16.79652327879267 0.08569965538763127 0.9999995003225229
263 2630 0.00847228140659373 0 292.40089204905917 -2.297535396743309 2.5888481582369716 0.1728905543962383 0.41605118809897834 -1.2193137641476637 16.794886679286304 0.08564830528086101 0.999999507027299
264 2640 0.008145158486900516 0 292.4008897511146 -2.2978361503343705 2.5878711288274086 0.17288828684192323 0.41553752532742694 -1.2216690399412515 16.801218879951968 0.08559384303690121 0.9999995687827457
265 2650 0.008170950211051317 0 292.4008899839454 -2.2950199290304725 2.5900927586204183 0.17284779028121497 0.4157088748160601 -1.2208709931888313 16.79590011509068 0.08566933711991807 0.9999998897644178
266 2660 0.007990890117473816 0 292.40088765989174 -2.2963564720311958 2.587017280975899 0.17289496083656752 0.41578973745337044 -1.2215146857232997 16.805681516139668 0.08567951185409621 0.9999998165161954
267 2670 0.007311491475805657 0 292.4008869952553 -2.29804033607667 2.590636510116436 0.17286517926093342 0.4159485145001808 -1.2202183967722806 16.798682466428254 0.08569785197991579 0.9999999759617269
268 2680 0.006716946529874311 0 292.40088859472644 -2.298693616569078 2.5919429031849823 0.17282891712612708 0.41571708956610365 -1.2169967655690457 16.793386507866494 0.08572862825277758 0.9999999975937612
269 2690 0.006111845139811523 0 292.4008877272265 -2.297600723936793 2.591062990414981 0.17284560306609797 0.4157327122463358 -1.2214349734408025 16.79629982676671 0.08570268756868885 0.9999999482413879
270 2700 0.00529978713903048 0 292.40088546404223 -2.298605877144842 2.589273788283018 0.17290495531415526 0.415709001569863 -1.2189639908441166 16.799223731791656 0.08564227625245102 0.9999999681927288
271 2710 0.005025277775180439 0 292.4008855936079 -2.299317107795965 2.589638577057307 0.17286892552125724 0.41574794885427346 -1.2169877199417374 16.79957906020437 0.08567025664730207 0.9999999871363916
272 2720 0.004676385231150253 0 292.4008850150908 -2.2972864725060456 2.589738855495356 0.17287609838563575 0.41570493475944226 -1.2202827747796463 16.799401135391104 0.08565519619733414 0.9999999896632843
273 2730 0.004362968263634479 0 292.4008858588464 -2.296644489084047 2.588667540694982 0.17287497238092064 0.4158521665342375 -1.2177195178290263 16.798426918292108 0.08570583089145235 0.999999897082131
274 2740 0.003900154180133734 0 292.4008850512778 -2.2972569978676374 2.5874017195641263 0.17287590232173936 0.41582571166900206 -1.219382577903511 16.800957086031744 0.0856707396692585 0.9999999977962531
275 2750 0.0034610284541815458 0 292.4008847274111 -2.2977033691692994 2.589103945081805 0.17288920225898205 0.4157802912993248 -1.21833646051304 16.798634096494524 0.08568933189922345 0.999999984606582
276 2760 0.0032480168120757576 0 292.400884781225 -2.2985210464794266 2.5892321291299027 0.17285768853662653 0.41575937532851515 -1.2188001598679241 16.80049482215816 0.08567756032315728 0.9999999893766646
277 2770 0.002873523348327803 0 292.40088489684274 -2.2975437007257753 2.588772775393314 0.17286897106338217 0.4158139774341929 -1.2203979333557293 16.8005644735142 0.08569347581633971 0.9999999892848523
278 2780 0.002676073583623395 0 292.4008848952426 -2.2975834681696004 2.588475507658425 0.17288643467950263 0.41576989418827637 -1.2196541590919334 16.799395366970934 0.08570066723906919 0.9999999972745739
279 2790 0.002516548970833101 0 292.40088493264363 -2.2982951433555905 2.588623432941882 0.1728943083011287 0.41572254175063905 -1.21981837885861 16.799849740367627 0.08567789506671364 0.999999999732156
280 2800 0.002381312923422149 0 292.4008850515562 -2.2980260056178254 2.5887247703529104 0.1728960212413315 0.41580552490040734 -1.2193031733817827 16.798692494205426 0.08569558208850105 0.9999999889027994
281 2810 0.002142375784995089 0 292.4008845647003 -2.2972445768688483 2.5882549031877224 0.17288973111366537 0.41577078666713974 -1.2194016794225175 16.80040754387757 0.0856833510194586 0.999999994496217
282 2820 0.0021673422374242825 0 292.40088470447495 -2.2970193539693704 2.5881405563879247 0.17288302499861927 0.415833443693272 -1.2191021201723993 16.800084452633378 0.08568727278354725 0.9999999802048402
283 2830 0.0020000409979072055 0 292.4008845228774 -2.2971595258034316 2.5886071334141434 0.1728889673416532 0.4158124345130454 -1.219369514592032 16.7994185272822 0.08568207725059225 0.999999993160512
284 2840 0.0019420051869876915 0 292.4008844681752 -2.2976863422602563 2.589037560567802 0.17287228301687074 0.41580548376241533 -1.2190211109579374 16.799486977854244 0.0856856171153406 0.9999999998289077
285 2850 0.001881328626657536 0 292.4008845615313 -2.297471935441243 2.5892239672994024 0.1728741074567534 0.4157964483225398 -1.218987174377129 16.79928212099974 0.08569357210371055 0.9999999923639156
286 2860 0.001704252207626992 0 292.4008845640368 -2.297559477780384 2.5891882470501435 0.17287847458970662 0.41576925739519144 -1.2194073721332 16.799098121303878 0.08569108668729006 0.9999999998833833
287 2870 0.0015123846753650166 0 292.40088451963896 -2.297480176762654 2.5888795476126822 0.17288618012710452 0.4157723113945371 -1.219704874392307 16.799733395009717 0.08568742730615184 0.9999999992167536
288 2880 0.0013986932180328352 0 292.4008844269889 -2.297278453035264 2.5887293873094794 0.17288636281587272 0.4158220901771875 -1.2194367017415177 16.79988514743441 0.08568040630737056 0.9999999939798556
289 2890 0.0013885009165470262 0 292.40088440176396 -2.297258150971214 2.5888764025334687 0.172878389799973 0.41581680611163485 -1.2195676031870932 16.79994836269799 0.08567893172887359 0.9999999954720842
290 2900 0.001395574791509193 0 292.400884384836 -2.297232848963604 2.588755805976777 0.17288058741637846 0.415838197955847 -1.2195764086878411 16.800264549158413 0.08567338183340231 0.999999999943382
291 2910 0.0014606911883833554 0 292.4008843908211 -2.2973145574864193 2.5886243992542064 0.1728845079314262 0.41581134090914373 -1.2193047548562814 16.800445925499215 0.08567406222035459 0.9999999901325333
292 2920 0.001399639155992883 0 292.40088437783845 -2.297298769781207 2.588671291061569 0.17287656536091187 0.41578878570029376 -1.2195633294914578 16.800244611833783 0.08567619108065737 0.9999999990009057
293 2930 0.0013389169510776592 0 292.4008843835534 -2.297521668603869 2.5887387528359604 0.17288500438275675 0.41581791928349254 -1.2193900360028265 16.800415278610892 0.08566474324627572 0.9999999932587079
294 2940 0.0012271587289479676 0 292.4008843753414 -2.2973222907317483 2.5887752962175505 0.1728829506878501 0.41581008853527923 -1.2195257447372116 16.8001605830474 0.08567387088532476 0.9999999909353976
295 2950 0.0011380203379007024 0 292.40088439474295 -2.2974580389008 2.5889447003517705 0.17287504914896318 0.4157993056969289 -1.219212761957827 16.80022650400437 0.0856808798276909 0.9999999959368019
296 2960 0.0010675273788129326 0 292.40088437356974 -2.2973469331265504 2.5890157366515685 0.1728801427410971 0.41581281266161896 -1.2195471485635 16.80048325385781 0.0856717996377988 0.9999999920714884
